0 10556 12867 6210 636 5059 13341 5807 7777 12473 
10556 0 2311 4346 11192 6967 2785 8255 6493 1917 
12867 2311 0 6657 13503 7808 678 8546 6784 394 
6210 4346 6657 0 6846 2791 7131 4079 2317 6263 
636 11192 13503 6846 0 5695 13977 6443 8413 13109 
5059 6967 7808 2791 5695 0 8282 1288 2718 7578 
13341 2785 678 7131 13977 8282 0 9224 7462 868 
5807 8255 8546 4079 6443 1288 9224 0 1970 8866 
7777 6493 6784 2317 8413 2718 7462 1970 0 7104 
12473 1917 394 6263 13109 7578 868 8866 7104 0 

0 5357 1853 8587 7727 3999 3828 4862 4204 4145 
5357 0 7094 3230 2486 6658 4949 10103 7867 3400 
1853 7094 0 9800 9580 5852 5681 3009 5417 5358 
8587 3230 9800 0 4144 9888 8179 9989 7753 4442 
7727 2486 9580 4144 0 5744 4035 12589 10353 5886 
3999 6658 5852 9888 5744 0 1709 8861 6625 5446 
3828 4949 5681 8179 4035 1709 0 8690 6454 3737 
4862 10103 3009 9989 12589 8861 8690 0 3394 6703 
4204 7867 5417 7753 10353 6625 6454 3394 0 4467 
4145 3400 5358 4442 5886 5446 3737 6703 4467 0 

0 10191 13506 7492 8120 8566 3954 8389 12284 6141 
10191 0 3315 2699 2449 4339 6237 1802 2093 7390 
13506 3315 0 6014 5386 7390 9552 5117 2806 10705 
7492 2699 6014 0 2150 4638 4840 897 4792 4923 
8120 2449 5386 2150 0 6788 4166 1933 4164 7073 
8566 4339 7390 4638 6788 0 9478 4855 4584 5765 
3954 6237 9552 4840 4166 9478 0 4623 8330 9763 
8389 1802 5117 897 1933 4855 4623 0 3895 5588 
12284 2093 2806 4792 4164 4584 8330 3895 0 9483 
6141 7390 10705 4923 7073 5765 9763 5588 9483 0 

0 5365 3922 11119 10745 8206 5206 15136 1695 11682 
5365 0 1443 5754 5380 2841 2849 9771 3670 6317 
3922 1443 0 7197 6823 4284 2324 11214 2227 7760 
11119 5754 7197 0 2582 2913 5913 4017 9424 2165 
10745 5380 6823 2582 0 2539 6191 4391 9050 4747 
8206 2841 4284 2913 2539 0 3806 6930 6511 3476 
5206 2849 2324 5913 6191 3806 0 9930 3511 6476 
15136 9771 11214 4017 4391 6930 9930 0 13441 3454 
1695 3670 2227 9424 9050 6511 3511 13441 0 9987 
11682 6317 7760 2165 4747 3476 6476 3454 9987 0 

0 4904 6349 12966 4722 7649 7204 8188 6257 7167 
4904 0 1929 8516 9626 7985 3544 4466 1353 6459 
6349 1929 0 10445 11071 9430 4989 5911 1780 7904 
12966 8516 10445 0 13984 5317 5762 4778 8665 5799 
4722 9626 11071 13984 0 8667 8222 9206 10979 8185 
7649 7985 9430 5317 8667 0 4441 3519 9338 1526 
7204 3544 4989 5762 8222 4441 0 984 4897 2915 
8188 4466 5911 4778 9206 3519 984 0 5819 1993 
6257 1353 1780 8665 10979 9338 4897 5819 0 7812 
7167 6459 7904 5799 8185 1526 2915 1993 7812 0 

0 6582 13756 6199 2357 9653 12768 8319 8227 4961 
6582 0 7176 1889 8017 13553 6188 9725 1647 7989 
13756 7176 0 7557 11399 7943 1844 5437 5529 8795 
6199 1889 7557 0 6128 11664 6569 7836 2028 6100 
2357 8017 11399 6128 0 7296 10411 5962 6922 2604 
9653 13553 7943 11664 7296 0 9787 3828 12458 5564 
12768 6188 1844 6569 10411 9787 0 5959 4541 7807 
8319 9725 5437 7836 5962 3828 5959 0 8630 3358 
8227 1647 5529 2028 6922 12458 4541 8630 0 6894 
4961 7989 8795 6100 2604 5564 7807 3358 6894 0 

0 5215 7099 9892 12605 12941 11929 4786 4258 5002 
5215 0 11104 8433 7390 7726 6714 8791 7319 1327 
7099 11104 0 4379 10684 9978 8776 2313 3785 12101 
9892 8433 4379 0 8013 7307 6105 6220 5634 9430 
12605 7390 10684 8013 0 706 1908 8933 8347 8717 
12941 7726 9978 7307 706 0 1202 9269 8683 9053 
11929 6714 8776 6105 1908 1202 0 8257 7671 8041 
4786 8791 2313 6220 8933 9269 8257 0 1472 9788 
4258 7319 3785 5634 8347 8683 7671 1472 0 8316 
5002 1327 12101 9430 8717 9053 8041 9788 8316 0 

0 8228 9092 4474 9456 713 8680 3263 5337 6203 
8228 0 3236 7852 6982 7655 1742 4965 7811 8677 
9092 3236 0 8716 4948 8519 4978 7933 11047 11913 
4474 7852 8716 0 4982 5187 8304 6697 9811 10677 
9456 6982 4948 4982 0 10169 8724 11679 14793 15659 
713 7655 8519 5187 10169 0 8107 2690 4624 5490 
8680 1742 4978 8304 8724 8107 0 5417 6069 6935 
3263 4965 7933 6697 11679 2690 5417 0 3114 3980 
5337 7811 11047 9811 14793 4624 6069 3114 0 1460 
6203 8677 11913 10677 15659 5490 6935 3980 1460 0 

0 8449 5670 5654 5328 6707 6944 2542 6940 6765 
8449 0 2779 4615 13777 15156 10783 6085 15389 12800 
5670 2779 0 3178 10998 12377 8004 3306 12610 10021 
5654 4615 3178 0 9162 10541 6168 3112 10774 8185 
5328 13777 10998 9162 0 1379 4484 7692 1612 4305 
6707 15156 12377 10541 1379 0 5361 9071 885 5182 
6944 10783 8004 6168 4484 5361 0 4698 4606 2017 
2542 6085 3306 3112 7692 9071 4698 0 9304 6715 
6940 15389 12610 10774 1612 885 4606 9304 0 4297 
6765 12800 10021 8185 4305 5182 2017 6715 4297 0 

0 7910 11296 5074 9582 7002 5045 4266 8347 8425 
7910 0 6298 7102 5522 1134 7677 5718 9363 1341 
11296 6298 0 13400 1714 7432 6251 12016 4789 5089 
5074 7102 13400 0 11686 5968 7149 1384 10451 8443 
9582 5522 1714 11686 0 5718 4537 10302 3841 6037 
7002 1134 7432 5968 5718 0 6769 4584 8455 2475 
5045 7677 6251 7149 4537 6769 0 5765 3302 8192 
4266 5718 12016 1384 10302 4584 5765 0 9067 7059 
8347 9363 4789 10451 3841 8455 3302 9067 0 9878 
8425 1341 5089 8443 6037 2475 8192 7059 9878 0 

0 11728 8157 11177 15173 8900 10823 11664 17267 4575 
11728 0 10611 11111 8781 2828 905 1584 5539 7153 
8157 10611 0 3020 7016 7889 10440 12195 9110 9772 
11177 11111 3020 0 3996 8389 10940 12695 6090 10272 
15173 8781 7016 3996 0 6273 8610 10365 3706 10598 
8900 2828 7889 8389 6273 0 2551 4306 8367 4325 
10823 905 10440 10940 8610 2551 0 1755 6444 6248 
11664 1584 12195 12695 10365 4306 1755 0 6659 7089 
17267 5539 9110 6090 3706 8367 6444 6659 0 12692 
4575 7153 9772 10272 10598 4325 6248 7089 12692 0 

0 15143 4665 4269 14059 8975 6254 2461 9181 9572 
15143 0 10478 10874 3886 10958 8889 14066 5962 8929 
4665 10478 0 1114 9394 8222 6149 3588 4516 6193 
4269 10874 1114 0 9790 9336 5035 3192 4912 7307 
14059 3886 9394 9790 0 7072 7805 12982 4878 5043 
8975 10958 8222 9336 7072 0 14371 7898 9406 2029 
6254 8889 6149 5035 7805 14371 0 7927 4965 12342 
2461 14066 3588 3192 12982 7898 7927 0 8104 8495 
9181 5962 4516 4912 4878 9406 4965 8104 0 7377 
9572 8929 6193 7307 5043 2029 12342 8495 7377 0 

0 7996 1396 4215 2819 9883 11568 1237 9681 3589 
7996 0 7870 8331 8223 1887 6814 9233 6459 4535 
1396 7870 0 4323 4215 9757 11442 1363 9555 3335 
4215 8331 4323 0 2918 8958 7353 5452 5466 6516 
2819 8223 4215 2918 0 8850 10271 2896 8384 6408 
9883 1887 9757 8958 8850 0 7441 11120 7086 6422 
11568 6814 11442 7353 10271 7441 0 12805 1887 8107 
1237 9233 1363 5452 2896 11120 12805 0 10918 4698 
9681 6459 9555 5466 8384 7086 1887 10918 0 6220 
3589 4535 3335 6516 6408 6422 8107 4698 6220 0 

0 11927 9655 6843 11108 9175 7241 10293 6079 11359 
11927 0 5708 5084 2133 4150 4686 4394 7132 5118 
9655 5708 0 9700 3575 9858 6864 10102 11102 1704 
6843 5084 9700 0 6125 2332 2836 3450 2048 9110 
11108 2133 3575 6125 0 6283 3867 6527 7527 2985 
9175 4150 9858 2332 6283 0 2994 1118 4380 9268 
7241 4686 6864 2836 3867 2994 0 3238 4238 6274 
10293 4394 10102 3450 6527 1118 3238 0 5498 9512 
6079 7132 11102 2048 7527 4380 4238 5498 0 10512 
11359 5118 1704 9110 2985 9268 6274 9512 10512 0 

0 7626 9609 16135 7959 4289 6783 9002 6226 409 
7626 0 8597 9665 7083 4123 8885 2532 2996 8035 
9609 8597 0 6526 1650 7262 2826 8491 5601 9256 
16135 9665 6526 0 8176 13788 9352 7563 9909 15782 
7959 7083 1650 8176 0 5612 1802 6977 4087 7606 
4289 4123 7262 13788 5612 0 5548 6655 3879 4698 
6783 8885 2826 9352 1802 5548 0 8779 5889 6430 
9002 2532 8491 7563 6977 6655 8779 0 2890 8649 
6226 2996 5601 9909 4087 3879 5889 2890 0 5873 
409 8035 9256 15782 7606 4698 6430 8649 5873 0 

0 2860 6958 11118 10333 11646 5713 4009 7446 7258 
2860 0 6862 11022 10237 11550 4977 5945 7350 7162 
6958 6862 0 4160 3957 4688 3789 5009 4556 5026 
11118 11022 4160 0 2411 860 6045 7109 6102 3860 
10333 10237 3957 2411 0 1551 5260 8966 8513 3075 
11646 11550 4688 860 1551 0 6573 7637 6962 4388 
5713 4977 3789 6045 5260 6573 0 8798 8345 2185 
4009 5945 5009 7109 8966 7637 8798 0 3437 10035 
7446 7350 4556 6102 8513 6962 8345 3437 0 9582 
7258 7162 5026 3860 3075 4388 2185 10035 9582 0 

0 6760 6551 2230 4398 6231 3254 3712 725 3649 
6760 0 4683 8990 11158 12991 5548 7044 6517 7023 
6551 4683 0 6815 8873 8308 9805 10263 7276 10200 
2230 8990 6815 0 2168 4001 3842 3448 2473 3385 
4398 11158 8873 2168 0 2725 6010 4114 4641 4135 
6231 12991 8308 4001 2725 0 7843 5947 6474 5968 
3254 5548 9805 3842 6010 7843 0 1896 2529 1875 
3712 7044 10263 3448 4114 5947 1896 0 2987 63 
725 6517 7276 2473 4641 6474 2529 2987 0 2924 
3649 7023 10200 3385 4135 5968 1875 63 2924 0 

0 9817 4483 7934 6255 1126 9088 5628 8480 9397 
9817 0 6964 9665 7660 8691 1689 7359 10211 5118 
4483 6964 0 3647 10738 4123 7903 1609 3997 6544 
7934 9665 3647 0 14189 7574 11354 2306 4660 4547 
6255 7660 10738 14189 0 6615 6931 11883 14735 9642 
1126 8691 4123 7574 6615 0 7962 5268 8120 8271 
9088 1689 7903 11354 6931 7962 0 9048 11900 6807 
5628 7359 1609 2306 11883 5268 9048 0 2852 4935 
8480 10211 3997 4660 14735 8120 11900 2852 0 7557 
9397 5118 6544 4547 9642 8271 6807 4935 7557 0 

0 8501 3922 6893 3455 5052 2634 4197 2562 1721 
8501 0 4579 1608 5046 3449 11135 4304 10267 6984 
3922 4579 0 2971 801 1642 6556 5231 5688 3167 
6893 1608 2971 0 3438 2643 9527 4230 8659 5376 
3455 5046 801 3438 0 2443 6089 4430 5221 2366 
5052 3449 1642 2643 2443 0 7686 6873 6818 4809 
2634 11135 6556 9527 6089 7686 0 6831 2722 4151 
4197 4304 5231 4230 4430 6873 6831 0 6347 2680 
2562 10267 5688 8659 5221 6818 2722 6347 0 4283 
1721 6984 3167 5376 2366 4809 4151 2680 4283 0 

0 8535 15271 4527 14173 3815 9153 4634 3644 13603 
8535 0 6736 5202 7034 8856 1196 10015 8281 7052 
15271 6736 0 10744 1708 11456 6118 10637 11627 1726 
4527 5202 10744 0 9646 3654 4626 4813 3079 9076 
14173 7034 1708 9646 0 10358 5838 9539 10529 570 
3815 8856 11456 3654 10358 0 7660 1159 575 9788 
9153 1196 6118 4626 5838 7660 0 8819 7085 5856 
4634 10015 10637 4813 9539 1159 8819 0 1734 8969 
3644 8281 11627 3079 10529 575 7085 1734 0 9959 
13603 7052 1726 9076 570 9788 5856 8969 9959 0 

0 10952 15586 9689 14981 7095 8650 5127 12759 9808 
10952 0 4634 1863 4029 3857 4248 8427 2667 4922 
15586 4634 0 5897 605 8491 6936 10459 2827 9038 
9689 1863 5897 0 5292 4288 6111 10290 4530 3141 
14981 4029 605 5292 0 7886 6331 9854 2222 8433 
7095 3857 8491 4288 7886 0 1823 6002 5664 7347 
8650 4248 6936 6111 6331 1823 0 4179 4109 9170 
5127 8427 10459 10290 9854 6002 4179 0 7632 13349 
12759 2667 2827 4530 2222 5664 4109 7632 0 7589 
9808 4922 9038 3141 8433 7347 9170 13349 7589 0 

0 5835 4605 5471 6854 5449 3333 5709 7212 4790 
5835 0 3210 7416 6787 11284 6588 9554 7145 1045 
4605 3210 0 8748 3577 10054 6610 8324 3935 2867 
5471 7416 8748 0 12325 9500 2138 11180 12683 6371 
6854 6787 3577 12325 0 9493 10187 7763 1430 6444 
5449 11284 10054 9500 9493 0 7362 1730 8063 10239 
3333 6588 6610 2138 10187 7362 0 9042 10545 5543 
5709 9554 8324 11180 7763 1730 9042 0 6333 8509 
7212 7145 3935 12683 1430 8063 10545 6333 0 6802 
4790 1045 2867 6371 6444 10239 5543 8509 6802 0 

0 9152 4622 5008 6757 8525 6168 6974 5274 1257 
9152 0 4530 8218 9967 627 2984 16126 5968 10409 
4622 4530 0 5866 7615 3903 4578 11596 4416 5879 
5008 8218 5866 0 1749 8197 10444 9570 10282 5833 
6757 9967 7615 1749 0 9946 12193 8213 12031 7582 
8525 627 3903 8197 9946 0 2357 15499 5341 9782 
6168 2984 4578 10444 12193 2357 0 13142 2984 7425 
6974 16126 11596 9570 8213 15499 13142 0 10158 5717 
5274 5968 4416 10282 12031 5341 2984 10158 0 4449 
1257 10409 5879 5833 7582 9782 7425 5717 4449 0 

0 8903 16310 7317 3527 2746 11824 14075 1804 8670 
8903 0 7407 2066 5376 6487 2921 5172 7527 4167 
16310 7407 0 8993 12783 13894 4486 2235 14934 7640 
7317 2066 8993 0 3790 4901 4507 6758 5941 6233 
3527 5376 12783 3790 0 4301 8297 10548 2151 6037 
2746 6487 13894 4901 4301 0 9408 11659 4550 10338 
11824 2921 4486 4507 8297 9408 0 2251 10448 7030 
14075 5172 2235 6758 10548 11659 2251 0 12699 8695 
1804 7527 14934 5941 2151 4550 10448 12699 0 7294 
8670 4167 7640 6233 6037 10338 7030 8695 7294 0 

0 3977 5814 5290 6807 2907 3478 3848 5688 7600 
3977 0 3669 7123 7316 6368 7123 129 8267 4567 
5814 3669 0 8960 9153 8205 3454 3606 10104 7624 
5290 7123 8960 0 1517 2383 8768 6994 1144 2556 
6807 7316 9153 1517 0 3900 10285 7187 1119 2749 
2907 6368 8205 2383 3900 0 6385 6239 2781 4693 
3478 7123 3454 8768 10285 6385 0 7060 9166 11078 
3848 129 3606 6994 7187 6239 7060 0 8138 4438 
5688 8267 10104 1144 1119 2781 9166 8138 0 3700 
7600 4567 7624 2556 2749 4693 11078 4438 3700 0 

0 10547 14406 1142 9179 1193 8025 9273 7161 8019 
10547 0 4789 9405 1368 9354 4790 1274 9102 9960 
14406 4789 0 13264 5363 13213 9579 6021 8601 8223 
1142 9405 13264 0 8037 2023 6883 8131 8201 9059 
9179 1368 5363 8037 0 7986 4216 658 9676 10534 
1193 9354 13213 2023 7986 0 7714 8080 6178 7036 
8025 4790 9579 6883 4216 7714 0 3558 13892 14750 
9273 1274 6021 8131 658 8080 3558 0 10334 11192 
7161 9102 8601 8201 9676 6178 13892 10334 0 858 
8019 9960 8223 9059 10534 7036 14750 11192 858 0 

0 7171 7628 12424 9041 2619 11729 5104 8124 6986 
7171 0 11721 7505 11314 9790 4718 2953 12837 1859 
7628 11721 0 4796 1413 10247 7003 12112 3906 9862 
12424 7505 4796 0 3809 15043 2787 8206 8702 5646 
9041 11314 1413 3809 0 11660 6596 11705 5319 9455 
2619 9790 10247 15043 11660 0 14348 7253 6341 9605 
11729 4718 7003 2787 6596 14348 0 7511 8119 4743 
5104 2953 12112 8206 11705 7253 7511 0 13228 2768 
8124 12837 3906 8702 5319 6341 8119 13228 0 10978 
6986 1859 9862 5646 9455 9605 4743 2768 10978 0 

0 5284 10915 4497 4488 10688 9150 4828 8703 5133 
5284 0 5631 3537 2684 5404 3866 4630 3419 3329 
10915 5631 0 6418 7079 227 1765 10261 2792 6004 
4497 3537 6418 0 6221 6191 6825 6561 4206 6866 
4488 2684 7079 6221 0 6852 5314 3182 4867 1075 
10688 5404 227 6191 6852 0 1538 10034 2891 5777 
9150 3866 1765 6825 5314 1538 0 8496 3671 4239 
4828 4630 10261 6561 3182 10034 8496 0 8049 4257 
8703 3419 2792 4206 4867 2891 3671 8049 0 3792 
5133 3329 6004 6866 1075 5777 4239 4257 3792 0 

0 5132 9333 12509 5660 12524 4003 8133 3033 10967 
5132 0 4201 7377 528 12562 5477 8171 3071 11005 
9333 4201 0 3176 3673 11719 9678 7328 7132 10162 
12509 7377 3176 0 6849 10223 12854 7576 10308 8666 
5660 528 3673 6849 0 12304 6005 7913 3459 10747 
12524 12562 11719 10223 12304 0 8521 4391 9491 1557 
4003 5477 9678 12854 6005 8521 0 5278 2546 8168 
8133 8171 7328 7576 7913 4391 5278 0 5100 2890 
3033 3071 7132 10308 3459 9491 2546 5100 0 7934 
10967 11005 10162 8666 10747 1557 8168 2890 7934 0 

0 12005 2013 8727 8403 6688 3077 11047 5627 2561 
12005 0 13976 6186 6920 7685 15082 6870 9928 9444 
2013 13976 0 7790 10374 8659 1106 9034 7640 4532 
8727 6186 7790 0 11346 12111 8896 2320 14354 9090 
8403 6920 10374 11346 0 1715 11480 13666 4828 5842 
6688 7685 8659 12111 1715 0 9765 14431 3113 4127 
3077 15082 1106 8896 11480 9765 0 8996 7678 5638 
11047 6870 9034 2320 13666 14431 8996 0 16674 11410 
5627 9928 7640 14354 4828 3113 7678 16674 0 5264 
2561 9444 4532 9090 5842 4127 5638 11410 5264 0 

0 9400 3397 7517 5351 2692 4061 3544 2370 9347 
9400 0 12797 1883 12609 12092 5339 12500 7110 5007 
3397 12797 0 10914 3908 727 7458 2101 5687 12744 
7517 1883 10914 0 10726 10209 3456 10617 5227 3760 
5351 12609 3908 10726 0 3181 7270 1807 5499 12556 
2692 12092 727 10209 3181 0 6753 1374 4982 12039 
4061 5339 7458 3456 7270 6753 0 7161 3227 6620 
3544 12500 2101 10617 1807 1374 7161 0 5390 12447 
2370 7110 5687 5227 5499 4982 3227 5390 0 7057 
9347 5007 12744 3760 12556 12039 6620 12447 7057 0 

0 10017 3398 4045 7784 6023 6451 2992 9294 2982 
10017 0 6619 5972 6441 3994 3744 8291 9099 8421 
3398 6619 0 3447 10282 7117 3053 1672 5896 5480 
4045 5972 3447 0 6835 3670 2406 3941 6507 2449 
7784 6441 10282 6835 0 3165 7987 10776 13342 4802 
6023 3994 7117 3670 3165 0 4822 7611 10177 4427 
6451 3744 3053 2406 7987 4822 0 4725 5355 4855 
2992 8291 1672 3941 10776 7611 4725 0 7568 5974 
9294 9099 5896 6507 13342 10177 5355 7568 0 8540 
2982 8421 5480 2449 4802 4427 4855 5974 8540 0 

0 3306 6958 5653 7931 1916 4676 5557 7374 3934 
3306 0 7234 5929 8207 2274 4212 5833 7650 7240 
6958 7234 0 1731 973 5042 7486 4211 3596 4100 
5653 5929 1731 0 2278 3737 5755 2480 1865 2855 
7931 8207 973 2278 0 6015 7491 4216 3601 5073 
1916 2274 5042 3737 6015 0 3644 3641 5458 4966 
4676 4212 7486 5755 7491 3644 0 3275 3890 8610 
5557 5833 4211 2480 4216 3641 3275 0 1817 5335 
7374 7650 3596 1865 3601 5458 3890 1817 0 4720 
3934 7240 4100 2855 5073 4966 8610 5335 4720 0 

0 7439 9335 9657 7765 6504 8497 10679 9171 4043 
7439 0 3696 15786 13962 5247 15838 13986 1732 7226 
9335 3696 0 12090 10266 2831 12142 10290 2196 5292 
9657 15786 12090 0 1892 10539 2568 1800 14286 8560 
7765 13962 10266 1892 0 8715 1876 2914 12462 6736 
6504 5247 2831 10539 8715 0 10591 8739 3747 2461 
8497 15838 12142 2568 1876 10591 0 3590 14338 8612 
10679 13986 10290 1800 2914 8739 3590 0 12486 6760 
9171 1732 2196 14286 12462 3747 14338 12486 0 5726 
4043 7226 5292 8560 6736 2461 8612 6760 5726 0 

0 2067 9839 7393 270 9181 4613 7815 11421 10346 
2067 0 9334 7316 2337 9828 6680 9882 13488 9021 
9839 9334 0 2446 9725 658 5676 7320 9288 1923 
7393 7316 2446 0 7279 2512 3230 4874 6842 2953 
270 2337 9725 7279 0 9067 4343 7545 11151 10232 
9181 9828 658 2512 9067 0 5018 6662 8630 2417 
4613 6680 5676 3230 4343 5018 0 3202 6808 6183 
7815 9882 7320 4874 7545 6662 3202 0 3606 7827 
11421 13488 9288 6842 11151 8630 6808 3606 0 9795 
10346 9021 1923 2953 10232 2417 6183 7827 9795 0 

0 16146 12415 9598 5705 10821 9409 4575 13521 6517 
16146 0 9107 6548 10441 5325 6737 14507 2625 9629 
12415 9107 0 5213 10268 8200 6882 7840 8168 10154 
9598 6548 5213 0 5055 2987 1669 7959 3923 4941 
5705 10441 10268 5055 0 5116 3704 4066 7816 812 
10821 5325 8200 2987 5116 0 1412 9182 2700 4304 
9409 6737 6882 1669 3704 1412 0 7770 4112 3272 
4575 14507 7840 7959 4066 9182 7770 0 11882 4878 
13521 2625 8168 3923 7816 2700 4112 11882 0 7004 
6517 9629 10154 4941 812 4304 3272 4878 7004 0 

0 9416 3779 8397 14755 9918 11227 11331 13871 11167 
9416 0 5637 4509 5339 5976 4889 4303 4455 6949 
3779 5637 0 4618 10976 6139 7448 7552 10092 7388 
8397 4509 4618 0 6358 1521 2830 2934 5474 2770 
14755 5339 10976 6358 0 5593 4506 3920 4070 6566 
9918 5976 6139 1521 5593 0 1309 1673 3953 1249 
11227 4889 7448 2830 4506 1309 0 586 2644 2060 
11331 4303 7552 2934 3920 1673 586 0 2540 2646 
13871 4455 10092 5474 4070 3953 2644 2540 0 2704 
11167 6949 7388 2770 6566 1249 2060 2646 2704 0 

0 5551 1982 5271 12440 6292 7645 8164 9590 4744 
5551 0 3569 1354 10115 9085 13196 13715 9469 8559 
1982 3569 0 4407 13168 7020 9627 10146 10318 5472 
5271 1354 4407 0 8761 8805 12916 13435 9189 8279 
12440 10115 13168 8761 0 6148 9337 9856 5610 7696 
6292 9085 7020 8805 6148 0 4111 4630 3298 1548 
7645 13196 9627 12916 9337 4111 0 1775 3727 4637 
8164 13715 10146 13435 9856 4630 1775 0 4246 5156 
9590 9469 10318 9189 5610 3298 3727 4246 0 4846 
4744 8559 5472 8279 7696 1548 4637 5156 4846 0 

0 3978 1093 4342 1624 4569 4064 8787 10277 1702 
3978 0 4627 8320 4592 8547 5124 7193 14255 2484 
1093 4627 0 5283 531 5444 2971 7694 9628 2351 
4342 8320 5283 0 5814 227 8254 12977 5935 6044 
1624 4592 531 5814 0 5975 2440 7163 9663 2316 
4569 8547 5444 227 5975 0 8415 13138 5948 6271 
4064 5124 2971 8254 2440 8415 0 4723 9131 2848 
8787 7193 7694 12977 7163 13138 4723 0 7190 7459 
10277 14255 9628 5935 9663 5948 9131 7190 0 11979 
1702 2484 2351 6044 2316 6271 2848 7459 11979 0 

0 16381 2184 391 2919 5387 9787 2757 8527 9316 
16381 0 14197 15990 13462 12928 7830 13624 7854 7065 
2184 14197 0 2169 1453 3323 7723 2837 6343 7150 
391 15990 2169 0 2528 5492 9892 2366 8136 8925 
2919 13462 1453 2528 0 4776 9176 1384 6866 6397 
5387 12928 3323 5492 4776 0 6308 6160 5074 10473 
9787 7830 7723 9892 9176 6308 0 10560 2310 14873 
2757 13624 2837 2366 1384 6160 10560 0 8250 6559 
8527 7854 6343 8136 6866 5074 2310 8250 0 12563 
9316 7065 7150 8925 6397 10473 14873 6559 12563 0 

0 2918 4335 2195 7940 5473 6949 4467 11068 8109 
2918 0 7253 1585 5022 2555 5429 5987 9548 6589 
4335 7253 0 6530 12275 9808 3460 7956 7579 7544 
2195 1585 6530 0 5745 3278 7014 4402 11133 8174 
7940 5022 12275 5745 0 4861 10409 8939 8102 4731 
5473 2555 9808 3278 4861 0 7942 5082 11457 8498 
6949 5429 3460 7014 10409 7942 0 11416 4119 5678 
4467 5987 7956 4402 8939 5082 11416 0 15535 12576 
11068 9548 7579 11133 8102 11457 4119 15535 0 3371 
8109 6589 7544 8174 4731 8498 5678 12576 3371 0 

0 5469 6533 921 5996 10900 6324 2346 9534 5959 
5469 0 8982 6100 7661 5431 8773 4581 4065 3510 
6533 8982 0 7454 1321 5205 573 8879 6531 12492 
921 6100 7454 0 6627 11531 7245 1519 10165 5038 
5996 7661 1321 6627 0 4904 1112 7558 5210 11171 
10900 5431 5205 11531 4904 0 5778 10012 2696 8657 
6324 8773 573 7245 1112 5778 0 8670 6322 12283 
2346 4581 8879 1519 7558 10012 8670 0 8646 3613 
9534 4065 6531 10165 5210 2696 6322 8646 0 6097 
5959 3510 12492 5038 11171 8657 12283 3613 6097 0 

0 552 5628 1686 3586 4045 6309 6713 4210 3356 
552 0 5080 1134 3034 3493 6861 6165 3662 2804 
5628 5080 0 4928 5064 6507 7085 1085 2970 4742 
1686 1134 4928 0 1900 2359 7995 6013 4166 1670 
3586 3034 5064 1900 0 1443 9895 6149 6066 322 
4045 3493 6507 2359 1443 0 10354 7592 6525 1765 
6309 6861 7085 7995 9895 10354 0 8170 5667 9665 
6713 6165 1085 6013 6149 7592 8170 0 3385 5827 
4210 3662 2970 4166 6066 6525 5667 3385 0 5836 
3356 2804 4742 1670 322 1765 9665 5827 5836 0 

0 3916 1776 5449 5077 9815 3039 2895 6782 8401 
3916 0 2140 7201 6655 13731 6955 6811 2866 12317 
1776 2140 0 5877 5505 11591 4815 4671 5006 10177 
5449 7201 5877 0 2388 6530 3358 5700 10067 5116 
5077 6655 5505 2388 0 8918 2986 5328 7679 7504 
9815 13731 11591 6530 8918 0 6776 6920 16597 2266 
3039 6955 4815 3358 2986 6776 0 2342 9821 5362 
2895 6811 4671 5700 5328 6920 2342 0 9677 5506 
6782 2866 5006 10067 7679 16597 9821 9677 0 15183 
8401 12317 10177 5116 7504 2266 5362 5506 15183 0 

0 4968 2856 3702 11229 8785 2829 3670 1089 4818 
4968 0 7824 7046 16197 8795 2139 1298 4495 250 
2856 7824 0 1242 8373 6325 5685 6526 3549 7674 
3702 7046 1242 0 9151 5083 5495 5748 4791 6896 
11229 16197 8373 9151 0 8152 14058 14899 11702 16047 
8785 8795 6325 5083 8152 0 10578 8289 9874 8545 
2829 2139 5685 5495 14058 10578 0 2289 2356 2033 
3670 1298 6526 5748 14899 8289 2289 0 3197 1148 
1089 4495 3549 4791 11702 9874 2356 3197 0 4345 
4818 250 7674 6896 16047 8545 2033 1148 4345 0 

0 2579 8584 10512 4549 5277 11780 12675 8140 8067 
2579 0 10043 12297 3804 7062 13565 14460 6193 9852 
8584 10043 0 8448 6239 6435 3522 9467 3850 10055 
10512 12297 8448 0 8493 5235 4966 2163 8004 2445 
4549 3804 6239 8493 0 3258 9761 10656 3591 6048 
5277 7062 6435 5235 3258 0 6503 7398 5991 3620 
11780 13565 3522 4966 9761 6503 0 5985 7372 6573 
12675 14460 9467 2163 10656 7398 5985 0 9023 4608 
8140 6193 3850 8004 3591 5991 7372 9023 0 9611 
8067 9852 10055 2445 6048 3620 6573 4608 9611 0 

0 8905 1183 209 2132 9001 7934 8435 8244 8255 
8905 0 8058 9114 7161 12720 11083 1426 4525 2682 
1183 8058 0 1350 949 7818 7087 7588 9427 7408 
209 9114 1350 0 2299 9168 8143 8644 8077 8464 
2132 7161 949 2299 0 6869 6190 7277 10376 6511 
9001 12720 7818 9168 6869 0 1637 14146 17245 10038 
7934 11083 7087 8143 6190 1637 0 12509 15608 8401 
8435 1426 7588 8644 7277 14146 12509 0 3099 4108 
8244 4525 9427 8077 10376 17245 15608 3099 0 7207 
8255 2682 7408 8464 6511 10038 8401 4108 7207 0 

0 7902 11672 7686 8330 4691 5919 1908 9767 8070 
7902 0 3770 1814 8184 6673 3225 6500 8297 1500 
11672 3770 0 5584 5212 6981 5753 10270 5325 3602 
7686 1814 5584 0 8676 7165 3717 5778 8789 1992 
8330 8184 5212 8676 0 3639 4959 6928 1437 6684 
4691 6673 6981 7165 3639 0 3448 3289 5076 5173 
5919 3225 5753 3717 4959 3448 0 4517 5072 2151 
1908 6500 10270 5778 6928 3289 4517 0 8365 6668 
9767 8297 5325 8789 1437 5076 5072 8365 0 6797 
8070 1500 3602 1992 6684 5173 2151 6668 6797 0 

0 11242 4043 2533 4497 5035 2755 8849 3535 10028 
11242 0 7199 11537 12953 14659 8487 2933 7707 2308 
4043 7199 0 4338 5754 7460 1288 9348 2262 8957 
2533 11537 4338 0 1964 3122 3050 8604 3830 10323 
4497 12953 5754 1964 0 1706 4466 10020 5246 11739 
5035 14659 7460 3122 1706 0 6172 11726 6952 13445 
2755 8487 1288 3050 4466 6172 0 8670 1584 8279 
8849 2933 9348 8604 10020 11726 8670 0 7086 1719 
3535 7707 2262 3830 5246 6952 1584 7086 0 6695 
10028 2308 8957 10323 11739 13445 8279 1719 6695 0 

0 824 5756 5288 11290 1541 6118 936 8792 8878 
824 0 6580 6112 12114 2365 6942 1604 9616 9702 
5756 6580 0 3398 5534 5353 4776 6250 6626 3122 
5288 6112 3398 0 6002 3747 1378 5782 3504 5196 
11290 12114 5534 6002 0 9749 5172 11784 4012 4412 
1541 2365 5353 3747 9749 0 4577 2035 7251 7337 
6118 6942 4776 1378 5172 4577 0 6612 2674 6574 
936 1604 6250 5782 11784 2035 6612 0 9286 9372 
8792 9616 6626 3504 4012 7251 2674 9286 0 8424 
8878 9702 3122 5196 4412 7337 6574 9372 8424 0 

0 7677 6345 10447 15166 5822 7994 6047 16625 8089 
7677 0 3040 2770 8163 2299 3343 9352 8948 998 
6345 3040 0 5398 8821 741 1649 6312 10280 2042 
10447 2770 5398 0 10521 4657 5701 11710 6742 3356 
15166 8163 8821 10521 0 9344 7172 9119 3779 7165 
5822 2299 741 4657 9344 0 2172 7053 10803 2267 
7994 3343 1649 5701 7172 2172 0 6009 8631 2345 
6047 9352 6312 11710 9119 7053 6009 0 10578 8354 
16625 8948 10280 6742 3779 10803 8631 10578 0 8536 
8089 998 2042 3356 7165 2267 2345 8354 8536 0 

0 7493 6877 8301 6462 7078 11190 6364 4590 5573 
7493 0 14370 15794 1467 1795 10269 3257 4599 3032 
6877 14370 0 1424 12903 13955 6415 11113 11467 12450 
8301 15794 1424 0 14327 15379 6921 12537 12891 13874 
6462 1467 12903 14327 0 2716 8802 1790 5520 3953 
7078 1795 13955 15379 2716 0 9854 2842 2804 1505 
11190 10269 6415 6921 8802 9854 0 7012 10248 8681 
6364 3257 11113 12537 1790 2842 7012 0 5422 3855 
4590 4599 11467 12891 5520 2804 10248 5422 0 1567 
5573 3032 12450 13874 3953 1505 8681 3855 1567 0 

0 4174 7391 12492 7353 3770 6139 7272 7136 8960 
4174 0 9501 10556 11021 774 10313 5336 4918 5626 
7391 9501 0 9997 1520 9097 3136 10919 12463 14287 
12492 10556 9997 0 11517 11330 10809 5220 5638 4930 
7353 11021 1520 11517 0 10617 3098 12439 13983 15807 
3770 774 9097 11330 10617 0 9909 6110 5692 6400 
6139 10313 3136 10809 3098 9909 0 11731 13275 15099 
7272 5336 10919 5220 12439 6110 11731 0 1544 3368 
7136 4918 12463 5638 13983 5692 13275 1544 0 1824 
8960 5626 14287 4930 15807 6400 15099 3368 1824 0 

0 4144 10915 5052 5587 7569 5391 2239 4414 7106 
4144 0 6771 5172 5467 7449 4523 4617 4294 6986 
10915 6771 0 9961 7896 5424 5524 11388 7295 6417 
5052 5172 9961 0 10639 12621 9695 7291 9466 12158 
5587 5467 7896 10639 0 2472 2372 3492 1173 1519 
7569 7449 5424 12621 2472 0 2926 5964 3155 993 
5391 4523 5524 9695 2372 2926 0 5864 1771 2463 
2239 4617 11388 7291 3492 5964 5864 0 4093 4971 
4414 4294 7295 9466 1173 3155 1771 4093 0 2692 
7106 6986 6417 12158 1519 993 2463 4971 2692 0 

0 5393 1466 2122 5947 6120 7359 8827 2997 6643 
5393 0 6859 3271 5802 3773 3376 8924 3996 12036 
1466 6859 0 3588 7413 7586 8825 9677 2863 5177 
2122 3271 3588 0 5405 3998 5237 8527 3297 8765 
5947 5802 7413 5405 0 2029 2426 3642 8702 12590 
6120 3773 7586 3998 2029 0 1239 5151 6673 12763 
7359 3376 8825 5237 2426 1239 0 5548 6276 14002 
8827 8924 9677 8527 3642 5151 5548 0 11824 8948 
2997 3996 2863 3297 8702 6673 6276 11824 0 8040 
6643 12036 5177 8765 12590 12763 14002 8948 8040 0 

