0 6694 6267 12782 6105 5896 7612 4863 4962 4873 8047 9606 1994 1781 4691 6362 2318 5794 9811 6413 4735 5414 5678 7142 851 2625 11207 5205 6059 8119 3215 6903 887 13851 8014 6391 9045 1962 7842 7151 7322 4706 2344 9097 11700 7820 5188 8261 3859 7600 9454 6605 4847 5365 3831 9329 6731 2957 10254 14073 6141 7387 7855 9162 8280 8920 11172 11212 9286 3838 10319 4384 7720 4872 3521 10446 7410 6166 13999 4308 1920 2027 5444 1240 2341 2784 6284 1950 10322 4942 6033 2149 4942 11487 1213 5385 12855 8307 7232 2400 
6694 0 12961 7364 12799 4580 2536 11557 6718 6107 2169 4322 7842 5849 9297 4398 7584 12488 8357 13107 11429 12104 8238 448 6797 8421 9525 2179 1439 2241 7677 12723 6041 7973 14708 5199 2351 6098 3312 817 2650 10186 4350 3219 5822 1126 3662 9353 6453 14294 11118 9647 5549 7001 3745 3969 2503 8011 4376 8195 12483 9041 11459 2468 11898 2226 5294 5334 5516 9374 3625 11078 9846 4432 8061 8028 2338 3694 8121 11002 8586 8721 5232 7118 9035 8662 8828 7828 4444 3382 6485 4559 2844 8859 6751 3655 6977 2429 13926 8278 
6267 12961 0 8243 826 8381 10425 1730 6243 11140 12028 8639 5119 7112 3664 8563 5377 1361 5272 1568 2728 875 4723 13409 6164 8892 6668 11472 11522 11712 5284 2364 6920 9312 2021 7762 15312 6863 9649 13418 13589 2775 8611 10700 8895 14087 11455 3722 6508 1333 4915 3314 11114 5960 9216 8992 10458 4950 12077 9534 1602 3920 3316 15429 3741 15187 9295 8831 7445 3587 16586 1883 3181 8529 4900 5907 13677 12433 9460 1959 4375 4240 11711 6495 4756 8235 4133 6489 9369 11209 6476 8416 10117 6948 7480 9306 9272 10646 1879 6939 
12782 7364 8243 0 7417 6886 5170 9973 7820 13011 6431 3176 10788 11001 8091 6420 10464 9604 2971 9811 10971 7368 7104 7812 13633 15325 2161 9083 6723 6115 9567 5879 11895 2857 7344 6391 9715 10820 4940 7821 9554 8076 11048 5103 3298 8490 10566 4521 8923 8464 3754 6177 12453 7417 8951 3453 6051 9825 6480 2373 6641 5395 4927 9832 4534 9590 3698 3234 3496 8944 10989 8438 5062 7910 9261 2336 9242 10598 2257 9154 10862 11307 12136 14022 12999 15566 6498 14732 3772 10286 6749 11463 7840 1495 13655 7397 3675 5049 6562 15182 
6105 12799 826 7417 0 8219 10263 2556 6081 10978 11866 8477 4957 6950 3502 8401 5215 2187 4446 2394 3554 695 4561 13247 6216 8730 5842 11310 11360 11550 5122 1538 6758 8486 1909 7600 15150 6701 9487 13256 13427 2613 8449 10538 8733 13925 11293 3446 6346 1495 4089 3152 10952 5798 9054 8830 10296 4788 11915 8708 776 3758 2490 15267 2915 15025 9133 8669 7283 3425 16424 1721 2953 8367 4738 5081 13515 12271 8634 1797 4213 4078 11549 6605 5582 8149 3971 7315 9207 11047 6314 8254 9955 6122 7318 9144 9110 10484 1127 7765 
5896 4580 8381 6886 8219 0 2044 6977 2138 6125 3647 3710 3902 4115 4717 466 3578 7908 3915 8527 6849 7524 3658 5028 6747 8439 5311 3091 3141 3331 3097 8143 5009 7955 10128 619 6931 3934 1946 5037 5208 5606 4162 3201 5804 5706 3680 4773 2037 9714 6538 5067 5567 2421 2065 3433 2077 3431 4358 8177 7903 4461 6879 7048 7318 6806 5276 5316 3390 4794 8205 6498 5266 1024 3481 4550 5296 4052 8103 6422 4006 4421 5250 7136 6113 8680 4248 7846 4426 3400 1905 4577 1736 5591 6769 925 6959 2411 9346 8296 
7612 2536 10425 5170 10263 2044 0 9021 4182 7841 1603 1994 5618 5831 6761 1862 5294 9952 5821 10571 8893 9568 5702 2984 8463 10155 6989 3913 1553 1287 5141 10187 6725 6239 12172 2663 4887 5650 776 2993 4384 7650 5878 1485 4088 3662 5396 6817 3917 11758 8582 7111 7283 4465 3781 1717 881 5475 2642 6461 9947 6505 8923 5004 9362 4762 3560 3600 2980 6838 6161 8542 7310 2740 5525 5492 4072 5428 6387 8466 6050 6185 6966 8852 7829 10396 6292 9562 2710 5116 3949 6293 2670 6323 8485 2227 5243 695 11390 10012 
4863 11557 1730 9973 2556 6977 9021 0 4839 9736 10624 7235 3715 5708 2260 7159 3973 931 7002 1550 998 2605 3319 12005 4760 7488 8398 10068 10118 10308 3880 4094 5516 11042 3751 6358 13908 5459 8245 12014 12185 1897 7207 9296 8891 12683 10051 5452 5104 2737 6645 3796 9710 4556 7812 7588 9054 3546 10673 11264 3332 4578 5046 14025 5471 13783 8363 8403 6477 2183 15182 1535 4911 7125 3496 7637 12273 11029 11190 819 2971 2836 10307 5091 3026 6831 3475 4921 7965 9805 5072 7012 8713 8678 6076 7902 10046 9242 3609 5209 
4962 6718 6243 7820 6081 2138 4182 4839 0 5191 5785 4644 2968 3181 2579 2320 2644 5770 4849 6389 4711 5386 1520 7166 5813 7505 6245 5229 5279 5469 1747 6005 4075 8889 7990 1519 9069 3000 3406 7175 7346 3468 3228 4457 6738 7844 5212 3299 1103 7576 4492 2929 4871 403 2973 4367 4215 2005 5834 9111 5765 2425 4741 9186 5180 8944 6210 6250 4324 2656 10343 4360 3128 2286 1441 5484 7434 6190 9037 4284 3042 3487 5468 6202 5179 7746 2110 6912 5360 4966 1071 3643 3874 6525 5835 3063 7893 4403 7208 7362 
4873 6107 11140 13011 10978 6125 7841 9736 5191 0 8276 9835 6021 4028 7476 6591 5763 10667 10040 11286 9608 10283 6417 5717 4976 2314 11436 3928 6288 8348 5856 10902 4220 14080 12887 6620 6438 4277 8071 6924 3457 8365 2529 9326 11929 6585 2445 8490 4632 12473 9683 7826 558 5594 4060 9558 6960 6190 10483 14302 10662 7616 9638 5855 10077 6529 11401 11441 9515 7553 5738 9257 8025 5101 6240 10675 3769 2413 14228 9181 6765 6900 875 4645 7214 2905 7007 4815 10551 2725 6262 2724 5171 11716 3660 5614 13084 8536 12105 5879 
8047 2169 12028 6431 11866 3647 1603 10624 5785 8276 0 3389 6909 6266 8364 3465 6651 11555 7424 12174 10496 11171 7305 2559 8898 10590 8592 4348 1988 316 6744 11790 7160 5804 13775 4266 3284 6085 2379 1390 4819 9253 6313 1328 3653 2059 5831 8420 5520 13361 10185 8714 7718 6068 4216 3036 1570 7078 2207 6026 11550 8108 10526 3401 10965 3159 3125 3197 4583 8441 4558 10145 8913 3499 7128 7095 4507 5863 5952 10069 7653 7788 7401 9287 8264 10831 7895 9997 2659 5551 5552 6728 3105 7926 8920 2722 4808 1382 12993 10447 
9606 4322 8639 3176 8477 3710 1994 7235 4644 9835 3389 0 7612 7825 4975 3244 7288 8166 4035 8785 7795 7782 3928 4770 10457 12149 5203 5907 3547 3073 6391 8401 8719 4245 10386 3215 6673 7644 1764 4779 6378 5864 7872 2061 2094 5448 7390 5031 5747 9972 6796 5325 9277 4241 5775 353 2875 6649 3438 4467 8161 4719 7137 6790 7576 6548 1566 1606 1194 5768 7947 6756 5524 4734 6085 3706 6066 7422 4393 6680 7686 8131 8960 10846 9823 12390 4506 11556 730 7110 3573 8287 4664 4537 10479 4221 3249 2007 9604 12006 
1994 7842 5119 10788 4957 3902 5618 3715 2968 6021 6909 7612 0 1993 2697 4368 324 4646 7817 5265 3587 4262 3684 8290 2845 4537 9213 6353 6403 6593 1221 4909 1801 11857 6866 4397 10193 1744 5848 8299 8470 2712 3492 7103 9706 8968 6336 6267 1865 6452 7460 4611 5995 3371 4097 7335 5339 963 8260 12079 4641 5393 5861 10310 6286 10068 9178 9218 7292 1844 11467 3236 5726 3410 1527 8452 8558 7314 12005 3160 744 879 6592 3234 2211 4778 4290 3944 8328 6090 4039 3297 4998 9493 2867 4187 10861 6313 6084 4394 
1781 5849 7112 11001 6950 4115 5831 5708 3181 4028 6266 7825 1993 0 3448 4581 1735 6639 8030 7258 5580 6255 3897 6297 2632 4324 9426 4360 4410 6338 1828 6874 894 12070 8859 4610 8200 249 6061 6306 6477 4337 1499 7316 9919 6975 4343 6480 2078 8445 7673 4824 4002 3584 2104 7548 4950 2162 8473 12292 6634 5606 6074 8317 6499 8075 9391 9431 7505 3525 9474 5229 5939 3091 2212 8665 6565 5321 12218 5153 2737 2872 4599 3021 3186 4565 4503 3731 8541 4097 4252 1304 3161 9706 2654 3604 11074 6526 8077 4181 
4691 9297 3664 8091 3502 4717 6761 2260 2579 7476 8364 4975 2697 3448 0 4899 2373 3191 5120 3810 2880 2807 1059 9745 5542 7234 6516 7808 7858 8048 1620 3426 3804 9160 5411 4098 11648 3199 5985 9754 9925 889 4947 7036 7009 10423 7791 3570 2844 4997 4763 1914 7450 2296 5552 5328 6794 1734 8413 9382 3186 2696 3164 11765 3589 11523 6481 6521 4595 853 12922 1781 3029 4865 1236 5755 10013 8769 9308 1705 2771 3216 8047 5931 4908 7475 1593 6641 5705 7545 2812 4752 6453 6796 5564 5642 8164 6982 4629 7091 
6362 4398 8563 6420 8401 466 1862 7159 2320 6591 3465 3244 4368 4581 4899 0 4044 8090 3959 8709 7031 7706 3840 4846 7213 8905 5127 2909 2959 3149 3279 8325 5475 7489 10310 801 6749 4400 1480 4855 5026 5788 4628 2735 5338 5524 4146 4955 2503 9896 6720 5249 6033 2603 2531 2967 1895 3613 3892 7711 8085 4643 7061 6866 7500 6624 4810 4850 2924 4976 8023 6680 5448 1490 3663 4084 5114 4178 7637 6604 4442 4887 5716 7602 6579 9146 4430 8312 3960 3866 2087 5043 1554 5125 7235 977 6493 2083 9528 8762 
2318 7584 5377 10464 5215 3578 5294 3973 2644 5763 6651 7288 324 1735 2373 4044 0 4904 7493 5523 3845 4520 3360 8032 3169 4861 8889 6095 6145 6335 897 5139 1543 11533 7124 4073 9935 1486 5524 8041 8212 2602 3234 6779 9382 8710 6078 5943 1541 6710 7136 4287 5737 3047 3839 7011 5081 639 7936 11755 4899 5069 5537 10052 5962 9810 8854 8894 6968 1790 11209 3494 5402 3152 1203 8128 8300 7056 11681 3418 1002 1137 6334 3558 2535 5102 3966 4268 8004 5832 3715 3039 4740 9169 3191 3929 10537 5989 6342 4718 
5794 12488 1361 9604 2187 7908 9952 931 5770 10667 11555 8166 4646 6639 3191 8090 4904 0 6633 619 1367 2236 4250 12936 5691 8419 8029 10999 11049 11239 4811 3725 6447 10673 3382 7289 14839 6390 9176 12945 13116 2302 8138 10227 8522 13614 10982 5083 6035 1806 6276 3427 10641 5487 8743 8519 9985 4477 11604 10895 2963 4209 4677 14956 5102 14714 8822 8358 6972 3114 16113 1410 4542 8056 4427 7268 13204 11960 10821 1486 3902 3767 11238 6022 3453 7762 3660 5852 8896 10736 6003 7943 9644 8309 7007 8833 9677 10173 3240 5578 
9811 8357 5272 2971 4446 3915 5821 7002 4849 10040 7424 4035 7817 8030 5120 3959 7493 6633 0 6840 8000 4397 4133 8805 10662 12354 1396 6868 6918 7108 6596 4366 8924 4040 6351 3420 10708 7849 5045 8814 8985 5105 8077 6096 4291 9483 7595 1550 5952 5937 2761 3206 9482 4446 5980 4388 5854 6854 7473 4262 4126 2424 3102 10825 3541 10583 4691 4227 2841 5973 11982 5467 2091 4939 6290 635 9073 7829 4188 6183 7891 8336 9165 11051 10028 12595 3527 11761 4765 7315 3778 8492 5513 1676 10684 4702 4668 6042 5569 12211 
6413 13107 1568 9811 2394 8527 10571 1550 6389 11286 12174 8785 5265 7258 3810 8709 5523 619 6840 0 1678 2443 4869 13555 6310 9038 8236 11618 11668 11858 5430 3932 7066 10880 3589 7908 15458 7009 9795 13564 13735 2921 8757 10846 9041 14233 11601 5290 6654 1347 6483 3634 11260 6106 9362 9138 10604 5096 12223 11102 3170 4416 4884 15575 5309 15333 9441 8977 7591 3733 16732 2029 4749 8675 5046 7475 13823 12579 11028 2105 4521 4386 11857 6641 4072 8381 4279 6471 9515 11355 6622 8562 10263 8516 7626 9452 9884 10792 3447 5407 
4735 11429 2728 10971 3554 6849 8893 998 4711 9608 10496 7795 3587 5580 2880 7031 3845 1367 8000 1678 0 3603 3867 11877 4632 7360 9396 9940 9990 10180 3752 5092 5388 12040 4749 6230 13780 5331 8117 11886 12057 2895 7079 9168 9889 12555 9923 6450 4976 2865 7643 4794 9582 4428 7684 7518 8926 3418 10545 12262 4330 5576 6044 13897 6469 13655 9361 9401 7475 2055 15054 2533 5909 6997 3368 8635 12145 10901 12188 1817 2843 2708 10179 4963 2394 6703 4473 4793 8511 9677 4944 6884 8585 9676 5948 7774 11044 9114 4607 4211 
5414 12104 875 7368 695 7524 9568 2605 5386 10283 11171 7782 4262 6255 2807 7706 4520 2236 4397 2443 3603 0 3866 12552 6265 8035 5793 10615 10665 10855 4427 1489 6063 8437 2604 6905 14455 6006 8792 12561 12732 1918 7754 9843 8038 13230 10598 2847 5651 2190 4040 2457 10257 5103 8359 8135 9601 4093 11220 8659 727 3063 2441 14572 2866 14330 8438 7974 6588 2730 15729 1070 2306 7672 4043 5032 12820 11576 8585 1786 3518 3939 10854 6654 5631 8198 3276 7364 8512 10352 5619 7559 9260 6073 6623 8449 8415 9789 1822 7814 
5678 8238 4723 7104 4561 3658 5702 3319 1520 6417 7305 3928 3684 3897 1059 3840 3360 4250 4133 4869 3867 3866 0 8686 6529 8221 5529 6749 6799 6989 2463 4485 4791 8173 6470 3039 10589 3716 4926 8695 8866 1948 3944 5977 6022 9364 6732 2583 1819 6056 3776 1409 6391 1237 4493 4269 5735 2721 7354 8395 4245 1709 3221 10706 3660 10464 5494 5534 3608 1840 11863 2840 2042 3806 2157 4768 8954 7710 8321 2764 3758 4203 6988 6918 5895 8462 606 7628 4646 6486 1753 4359 5394 5809 6551 4583 7177 5923 5688 8078 
7142 448 13409 7812 13247 5028 2984 12005 7166 5717 2559 4770 8290 6297 9745 4846 8032 12936 8805 13555 11877 12552 8686 0 7245 8031 9973 1937 1887 2631 8125 13171 6489 8363 15156 5647 1903 6546 3760 1207 2260 10634 4798 3609 6212 868 3272 9801 6901 14742 11566 10095 5159 7449 4193 4417 2951 8459 4766 8585 12931 9489 11907 2020 12346 1778 5684 5724 5964 9822 3177 11526 10294 4880 8509 8476 1948 3304 8511 11450 9034 9169 4842 6914 9483 8272 9276 7438 4834 2992 6933 4993 3292 9307 6361 4103 7367 2819 14374 8148 
851 6797 6164 13633 6216 6747 8463 4760 5813 4976 8898 10457 2845 2632 5542 7213 3169 5691 10662 6310 4632 6265 6529 7245 0 2728 12058 5308 6910 8970 4066 7754 1738 14702 7911 7242 9148 2813 8693 7546 7425 5557 2585 9948 12551 7923 5291 9112 4710 7497 10305 7456 4950 6216 4682 10180 7582 3808 11105 14924 6992 8238 8706 9265 9131 9023 12023 12063 10137 4689 10422 5195 8571 5723 4372 11297 7513 6269 14850 4479 2771 2326 5547 389 2238 2071 7135 1099 11173 5045 6884 2252 5793 12338 1316 6236 13706 9158 7269 1549 
2625 8421 8892 15325 8730 8439 10155 7488 7505 2314 10590 12149 4537 4324 7234 8905 4861 8419 12354 9038 7360 8035 8221 8031 2728 0 13750 6242 8602 10662 5758 9446 3430 16394 10639 8934 8752 4505 10385 9238 5771 7249 4277 11640 14243 8899 4759 10804 6402 10225 11997 9148 2872 7908 6374 11872 9274 5500 12797 16616 8684 9930 10398 8169 10823 8843 13715 13755 11829 6381 8052 7009 10263 7415 6064 12989 6083 4727 16542 6933 4517 4652 3189 2397 4966 657 8827 2567 12865 5039 8576 3862 7485 14030 1670 7928 15398 10850 9857 3631 
11207 9525 6668 2161 5842 5311 6989 8398 6245 11436 8592 5203 9213 9426 6516 5127 8889 8029 1396 8236 9396 5793 5529 9973 12058 13750 0 8036 8086 8276 7992 4304 10320 5018 5183 4816 11876 9245 6213 9982 10153 6501 9473 7264 5459 10651 8991 2946 7348 6889 1753 4602 10878 5842 7376 5556 7022 8250 8641 4534 5066 3820 3352 11993 2927 11751 5859 5395 4009 7369 13150 6863 3487 6335 7686 1497 10241 9023 4418 7579 9287 9732 10561 12447 11424 13991 4923 13157 5933 8711 5174 9888 6681 666 12080 5870 5836 7210 4789 13607 
5205 2179 11472 9083 11310 3091 3913 10068 5229 3928 4348 5907 6353 4360 7808 2909 6095 10999 6868 11618 9940 10615 6749 1937 5308 6242 8036 0 2360 4420 6188 11234 4552 10152 13219 3710 3840 4609 4143 2996 2117 8697 2861 5398 8001 2657 1483 7864 4964 12805 9629 8158 3370 5512 2256 5630 3032 6522 6555 10374 10994 7552 9970 3957 10409 3715 7473 7513 5587 7885 5114 9589 8357 2943 6572 6747 2205 1515 10300 9513 7097 7232 3053 4977 7546 6483 7339 5649 6623 1203 4996 3056 1355 7788 4572 2166 9156 4608 12437 6211 
6059 1439 11522 6723 11360 3141 1553 10118 5279 6288 1988 3547 6403 4410 7858 2959 6145 11049 6918 11668 9990 10665 6799 1887 6910 8602 8086 2360 0 2060 6238 11284 5172 7792 13269 3760 3790 4659 1873 1896 2831 8747 4325 3038 5641 2565 3843 7914 5014 12855 9679 8208 5730 5562 2306 3270 1064 6572 4195 8014 11044 7602 10020 3907 10459 3665 5113 5153 4077 7935 5064 9639 8407 2993 6622 6589 2519 3875 7940 9563 7147 7282 5413 7299 7596 8843 7389 8009 4263 3563 5046 4740 1405 7420 6932 2216 6796 2248 12487 8459 
8119 2241 11712 6115 11550 3331 1287 10308 5469 8348 316 3073 6593 6338 8048 3149 6335 11239 7108 11858 10180 10855 6989 2631 8970 10662 8276 4420 2060 0 6428 11474 7232 5732 13459 3950 3600 6157 2063 1706 4891 8937 6385 1012 3581 2375 5903 8104 5204 13045 9869 8398 7790 5752 4288 2720 1388 6762 2135 5954 11234 7792 10210 3717 10649 3475 3053 3093 4267 8125 4874 9829 8597 3247 6812 6779 4579 5935 5880 9753 7337 7472 7473 9359 8336 10903 7579 10069 2343 5623 5236 6800 3177 7610 8992 2734 4736 1066 12677 10519 
3215 7677 5284 9567 5122 3097 5141 3880 1747 5856 6744 6391 1221 1828 1620 3279 897 4811 6596 5430 3752 4427 2463 8125 4066 5758 7992 6188 6238 6428 0 5046 2328 10636 7031 3176 10028 1579 4627 8134 8305 2509 3327 5882 8485 8803 6171 5046 1224 6617 6239 3390 5830 2150 3932 6114 5174 334 7039 10858 4806 4172 4640 10145 5065 9903 7957 7997 6071 1697 11302 3401 4505 3245 384 7231 8393 7149 10784 3325 1295 1740 6427 4455 3432 5999 3069 5165 7107 5925 2818 3132 4833 8272 4088 4022 9640 5362 6249 5615 
6903 12723 2364 5879 1538 8143 10187 4094 6005 10902 11790 8401 4909 6874 3426 8325 5139 3725 4366 3932 5092 1489 4485 13171 7754 9446 4304 11234 11284 11474 5046 0 6682 8216 1985 7524 15074 6625 9411 13180 13351 2537 8373 10462 8657 13849 11217 3370 6270 2585 2551 3076 10876 5722 8978 8754 10220 4712 11839 7732 762 3682 1264 15191 1377 14949 9057 8593 7207 3349 16348 2559 2877 8291 4662 4695 13439 12195 7616 3275 4983 5428 11473 8143 7120 9687 3895 8853 9131 10971 6238 8178 9879 4584 7776 9068 9034 10408 1203 9303 
887 6041 6920 11895 6758 5009 6725 5516 4075 4220 7160 8719 1801 894 3804 5475 1543 6447 8924 7066 5388 6063 4791 6489 1738 3430 10320 4552 5172 7232 2328 6682 0 12964 8667 5504 8392 1075 6955 6498 6669 4145 1691 8210 10813 7167 4535 7374 2972 8253 8567 5718 4194 4478 2944 8442 5844 2070 9367 13186 6442 6500 6968 8509 7393 8267 10285 10325 8399 3333 9666 5037 6833 3985 2634 9559 6757 5513 13112 4961 2545 2680 4791 2127 2994 3671 5397 2837 9435 4289 5146 1496 4055 10600 1760 4498 11968 7420 7885 3287 
13851 7973 9312 2857 8486 7955 6239 11042 8889 14080 5804 4245 11857 12070 9160 7489 11533 10673 4040 10880 12040 8437 8173 8363 14702 16394 5018 10152 7792 5732 10636 8216 12964 0 10201 7460 7642 11889 6009 7156 10623 9145 12117 4754 2151 7495 11635 5590 9992 9787 6611 7246 13522 8486 10020 4522 7120 10894 3623 484 7976 6464 6952 8225 7391 7551 2679 2639 4565 10013 8342 9507 6131 8979 10330 3521 10311 11667 600 10223 11931 12376 13205 15091 14068 16635 7567 15801 3529 11355 7818 12532 8909 4352 14724 8466 996 5544 9419 16251 
8014 14708 2021 7344 1909 10128 12172 3751 7990 12887 13775 10386 6866 8859 5411 10310 7124 3382 6351 3589 4749 2604 6470 15156 7911 10639 5183 13219 13269 13459 7031 1985 8667 10201 0 9509 17059 8610 11396 15165 15336 4522 10358 12447 10642 15834 13202 5355 8255 2242 3590 5061 12861 7707 10963 10739 12205 6697 13824 9717 2225 5667 3249 17176 2810 16934 11042 10578 9192 5334 18333 3630 4862 10276 6647 6680 15424 14180 9601 3706 6122 5987 13458 8242 6777 9982 5880 8510 11116 12956 8223 10163 11864 5849 9227 11053 11019 12393 782 8960 
6391 5199 7762 6391 7600 619 2663 6358 1519 6620 4266 3215 4397 4610 4098 801 4073 7289 3420 7908 6230 6905 3039 5647 7242 8934 4816 3710 3760 3950 3176 7524 5504 7460 9509 0 7550 4429 1887 5656 5827 4987 4657 2938 5309 6325 4175 4154 2532 9095 5919 4448 6062 1802 2560 2938 2696 3434 4315 7682 7284 3842 6260 7667 6699 7425 4781 4821 2895 4175 8824 5879 4647 1519 2870 4055 5915 4671 7608 5803 4471 4916 5745 7631 6608 9175 3629 8341 3931 3895 1286 5072 2355 5096 7264 1544 6464 2884 8727 8791 
9045 2351 15312 9715 15150 6931 4887 13908 9069 6438 3284 6673 10193 8200 11648 6749 9935 14839 10708 15458 13780 14455 10589 1903 9148 8752 11876 3840 3790 3600 10028 15074 8392 7642 17059 7550 0 8449 5663 1894 2981 12537 6701 4612 6417 1225 3993 11704 8804 16645 13469 11998 5880 9352 6096 6320 4854 10362 4045 7864 14834 11392 13810 583 14249 125 6017 6481 7867 11725 1274 13429 12197 6783 10412 10379 2669 4025 7790 13353 10937 11072 5563 8817 11386 8993 11179 8987 5943 4103 8836 6896 5195 11210 7832 6006 6646 4666 16277 10051 
1962 6098 6863 10820 6701 3934 5650 5459 3000 4277 6085 7644 1744 249 3199 4400 1486 6390 7849 7009 5331 6006 3716 6546 2813 4505 9245 4609 4659 6157 1579 6625 1075 11889 8610 4429 8449 0 5880 6555 6726 4088 1748 7135 9738 7224 4592 6299 1897 8196 7492 4643 4251 3403 2353 7367 4769 1913 8292 12111 6385 5425 5893 8566 6318 8324 9210 9250 7324 3276 9723 4980 5758 2910 1963 8484 6814 5570 12037 4904 2488 2623 4848 3202 2937 4746 4322 3912 8360 4346 4071 1553 3254 9525 2835 3423 10893 6345 7828 4362 
7842 3312 9649 4940 9487 1946 776 8245 3406 8071 2379 1764 5848 6061 5985 1480 5524 9176 5045 9795 8117 8792 4926 3760 8693 10385 6213 4143 1873 2063 4627 9411 6955 6009 11396 1887 5663 5880 0 3769 4614 6874 6108 1255 3858 4438 5626 6041 3983 10982 7806 6335 7513 3689 4011 1487 1111 4885 2428 6231 9171 5729 8147 5780 8586 5538 3330 3370 2204 6062 6937 7766 6534 2970 4749 4716 4302 5658 6157 7690 5922 6367 7196 9082 8059 10626 5516 9792 2480 5346 3173 6523 2900 5547 8715 2457 5013 997 10614 10242 
7151 817 13418 7821 13256 5037 2993 12014 7175 6924 1390 4779 8299 6306 9754 4855 8041 12945 8814 13564 11886 12561 8695 1207 7546 9238 9982 2996 1896 1706 8134 13180 6498 7156 15165 5656 1894 6555 3769 0 3467 10643 4961 2718 5005 669 4479 9810 6910 14751 11575 10104 6366 7458 4202 4426 2960 8468 3559 7378 12940 9498 11916 2011 12355 1769 4477 4587 5973 9831 3168 11535 10303 4889 8518 8485 3155 4511 7304 11459 9043 9178 6049 7935 9492 9479 9285 8645 4049 4199 6942 5376 3301 9316 7568 4112 6160 2772 14383 9095 
7322 2650 13589 9554 13427 5208 4384 12185 7346 3457 4819 6378 8470 6477 9925 5026 8212 13116 8985 13735 12057 12732 8866 2260 7425 5771 10153 2117 2831 4891 8305 13351 6669 10623 15336 5827 2981 6726 4614 3467 0 10814 4978 5869 8472 3128 2134 9981 7081 14922 11746 10275 2899 7629 4373 6101 3503 8639 7026 10845 13111 9669 12087 2398 12526 3072 7944 7984 6144 10002 2997 11706 10474 5060 8689 8656 312 1156 10771 11630 9214 9349 2582 7094 9663 6012 9456 7264 7094 2380 7113 5173 3472 9487 6109 4283 9627 5079 14554 8328 
4706 10186 2775 8076 2613 5606 7650 1897 3468 8365 9253 5864 2712 4337 889 5788 2602 2302 5105 2921 2895 1918 1948 10634 5557 7249 6501 8697 8747 8937 2509 2537 4145 9145 4522 4987 12537 4088 6874 10643 10814 0 5836 7925 6994 11312 8680 3555 3733 4108 4748 1899 8339 3185 6441 6217 7683 2175 9302 9367 2297 2681 3149 12654 3574 12412 6520 6506 4670 868 13811 892 3014 5754 2125 5740 10902 9658 9293 1078 2786 3231 8936 5946 4923 7490 1578 6656 6594 8434 3701 5641 7342 6781 5579 6531 8149 7871 3740 7106 
2344 4350 8611 11048 8449 4162 5878 7207 3228 2529 6313 7872 3492 1499 4947 4628 3234 8138 8077 8757 7079 7754 3944 4798 2585 4277 9473 2861 4325 6385 3327 8373 1691 12117 10358 4657 6701 1748 6108 4961 4978 5836 0 7363 9966 5476 2844 6527 2125 9944 7720 5297 2503 3631 2097 7595 4997 3661 8520 12339 8133 5653 7109 6818 7548 6576 9438 9478 7552 5024 7975 6728 5986 3138 3711 8712 5066 3822 12265 6652 4236 4371 3100 2974 4685 4518 4550 3684 8588 2598 4299 415 3208 9753 2607 3651 11121 6573 9576 4134 
9097 3219 10700 5103 10538 3201 1485 9296 4457 9326 1328 2061 7103 7316 7036 2735 6779 10227 6096 10846 9168 9843 5977 3609 9948 11640 7264 5398 3038 1012 5882 10462 8210 4754 12447 2938 4612 7135 1255 2718 5869 7925 7363 0 2603 3387 6881 7092 5238 12033 8857 7386 8768 4740 5266 1708 2366 6140 1377 4976 10222 6780 9198 4729 9637 4487 2075 2115 3255 7113 5886 8817 7585 4225 5800 5767 5557 6913 4902 8741 7177 7622 8451 10337 9314 11881 6567 11047 1331 6601 4224 7778 4155 6598 9970 3712 3758 790 11665 11497 
11700 5822 8895 3298 8733 5804 4088 8891 6738 11929 3653 2094 9706 9919 7009 5338 9382 8522 4291 9041 9889 8038 6022 6212 12551 14243 5459 8001 5641 3581 8485 8657 10813 2151 10642 5309 6417 9738 3858 5005 8472 6994 9966 2603 0 5344 9484 5287 7841 10228 7052 5581 11371 6335 7869 2371 4969 8743 3182 2373 8417 4975 7393 6534 7832 6292 528 488 2414 7862 7691 7356 5780 6828 8179 3962 8160 9516 2299 8072 9780 10225 11054 12940 11917 14484 5416 13650 1378 9204 5667 10381 6758 4793 12573 6315 1155 3393 9860 14100 
7820 1126 14087 8490 13925 5706 3662 12683 7844 6585 2059 5448 8968 6975 10423 5524 8710 13614 9483 14233 12555 13230 9364 868 7923 8899 10651 2657 2565 2375 8803 13849 7167 7495 15834 6325 1225 7224 4438 669 3128 11312 5476 3387 5344 0 4140 10479 7579 15420 12244 10773 6027 8127 4871 5095 3629 9137 3898 7717 13609 10167 12585 1342 13024 1100 4816 5256 6642 10500 2499 12204 10972 5558 9187 9154 2816 4172 7643 12128 9712 9847 5710 7596 10161 9140 9954 8306 4718 3860 7611 5671 3970 9985 7229 4781 6499 3441 15052 8826 
5188 3662 11455 10566 11293 3680 5396 10051 5212 2445 5831 7390 6336 4343 7791 4146 6078 10982 7595 11601 9923 10598 6732 3272 5291 4759 8991 1483 3843 5903 6171 11217 4535 11635 13202 4175 3993 4592 5626 4479 2134 8680 2844 6881 9484 4140 0 7847 4947 12788 9612 8141 1887 5495 2239 7113 4515 6505 8038 11857 10977 7535 9953 3974 10392 4084 8956 8996 7070 7868 5131 9572 8340 2926 6555 8230 2222 978 11783 9496 7080 7215 1570 4960 7529 5000 7322 5130 8106 280 4979 3039 2726 9271 3975 3169 10639 6091 12420 6194 
8261 9353 3722 4521 3446 4773 6817 5452 3299 8490 8420 5031 6267 6480 3570 4955 5943 5083 1550 5290 6450 2847 2583 9801 9112 10804 2946 7864 7914 8104 5046 3370 7374 5590 5355 4154 11704 6299 6041 9810 9981 3555 6527 7092 5287 10479 7847 0 4402 4941 1765 1656 7932 2896 5608 5384 6850 5304 8469 5812 3130 874 2106 11821 2545 11579 5687 5223 3837 4423 12978 3917 541 4921 4740 2185 10069 8825 5738 4633 6341 6786 8103 9501 8478 11045 1977 10211 5761 7601 2868 6942 6509 3226 9134 5698 5664 7038 4573 10661 
3859 6453 6508 8923 6346 2037 3917 5104 1103 4632 5520 5747 1865 2078 2844 2503 1541 6035 5952 6654 4976 5651 1819 6901 4710 6402 7348 4964 5014 5204 1224 6270 2972 9992 8255 2532 8804 1897 3983 6910 7081 3733 2125 5238 7841 7579 4947 4402 0 7841 5595 3194 4606 1506 2708 5470 3950 1558 6395 10214 6030 3528 5006 8921 5445 8679 7313 7353 5427 2921 10078 4625 3861 2021 1608 6587 7169 5925 10140 4549 2133 2384 5203 5099 4076 6643 2425 5809 6463 4701 2174 2540 3609 7628 4732 2798 8996 4448 7473 6259 
7600 14294 1333 8464 1495 9714 11758 2737 7576 12473 13361 9972 6452 8445 4997 9896 6710 1806 5937 1347 2865 2190 6056 14742 7497 10225 6889 12805 12855 13045 6617 2585 8253 9787 2242 9095 16645 8196 10982 14751 14922 4108 9944 12033 10228 15420 12788 4941 7841 0 5136 4647 12447 7293 10549 10325 11791 6283 13410 9755 1823 5253 3537 16762 3962 16520 10628 10164 8778 4920 17919 3216 4448 9862 6233 6266 15010 13766 9681 3292 5708 5573 13044 7828 5259 9568 5466 7658 10702 12542 7809 9749 11450 7169 8813 10639 10605 11979 2100 6718 
9454 11118 4915 3754 4089 6538 8582 6645 4492 9683 10185 6796 7460 7673 4763 6720 7136 6276 2761 6483 7643 4040 3776 11566 10305 11997 1753 9629 9679 9869 6239 2551 8567 6611 3590 5919 13469 7492 7806 11575 11746 4748 7720 8857 7052 12244 9612 1765 5595 5136 0 2849 9271 4117 7373 7149 8615 6497 10234 6127 3313 2077 1599 13586 1174 13344 7452 6988 5602 5616 14743 5110 1734 6686 5933 3090 11834 10590 6011 5826 7534 7979 9868 10694 9671 12238 3170 11404 7526 9366 4633 8135 8274 2259 10327 7463 7429 8803 3036 11854 
6605 9647 3314 6177 3152 5067 7111 3796 2929 7826 8714 5325 4611 4824 1914 5249 4287 3427 3206 3634 4794 2457 1409 10095 7456 9148 4602 8158 8208 8398 3390 3076 5718 7246 5061 4448 11998 4643 6335 10104 10275 1899 5297 7386 5581 10773 8141 1656 3194 4647 2849 0 7800 2646 5902 5678 7144 3648 8763 7468 2836 782 1812 12115 2251 11873 5981 5517 4131 2767 13272 2261 1115 5215 3084 3841 10363 9119 7394 2977 4685 5130 8397 7845 6822 9389 819 8555 6055 7895 3162 5286 6803 4882 7478 5992 6250 7332 4279 9005 
4847 5549 11114 12453 10952 5567 7283 9710 4871 558 7718 9277 5995 4002 7450 6033 5737 10641 9482 11260 9582 10257 6391 5159 4950 2872 10878 3370 5730 7790 5830 10876 4194 13522 12861 6062 5880 4251 7513 6366 2899 8339 2503 8768 11371 6027 1887 7932 4606 12447 9271 7800 0 5154 3502 9000 6402 6164 9925 13744 10636 7194 9612 5297 10051 5971 10843 10883 8957 7527 5472 9231 7999 4543 6214 10117 3211 1855 13670 9155 6739 6874 597 4619 7188 3113 6981 4789 9993 2167 5704 2698 4613 11158 3634 5056 12526 7978 12079 5853 
5365 7001 5960 7417 5798 2421 4465 4556 403 5594 6068 4241 3371 3584 2296 2603 3047 5487 4446 6106 4428 5103 1237 7449 6216 7908 5842 5512 5562 5752 2150 5722 4478 8486 7707 1802 9352 3403 3689 7458 7629 3185 3631 4740 6335 8127 5495 2896 1506 7293 4117 2646 5154 0 3256 3964 4498 2408 6117 8708 5482 2040 4458 9469 4897 9227 5807 5847 3921 2373 10626 4077 2845 2569 1844 5081 7717 6473 8634 4001 3445 3890 5751 6605 5582 8149 1827 7315 4957 5249 668 4046 4157 6122 6238 3346 7490 4686 6925 7765 
3831 3745 9216 8951 9054 2065 3781 7812 2973 4060 4216 5775 4097 2104 5552 2531 3839 8743 5980 9362 7684 8359 4493 4193 4682 6374 7376 2256 2306 4288 3932 8978 2944 10020 10963 2560 6096 2353 4011 4202 4373 6441 2097 5266 7869 4871 2239 5608 2708 10549 7373 5902 3502 3256 0 5498 2900 4266 6423 10242 8738 5296 7714 6213 8153 5971 7341 7381 5455 5629 7370 7333 6101 1041 4316 6615 4461 3217 10168 7257 4841 4976 3185 5071 5290 6615 5083 5781 6491 1993 2740 2512 1111 7656 4704 1554 9024 4476 10181 6231 
9329 3969 8992 3453 8830 3433 1717 7588 4367 9558 3036 353 7335 7548 5328 2967 7011 8519 4388 9138 7518 8135 4269 4417 10180 11872 5556 5630 3270 2720 6114 8754 8442 4522 10739 2938 6320 7367 1487 4426 6101 6217 7595 1708 2371 5095 7113 5384 5470 10325 7149 5678 9000 3964 5498 0 2598 6372 3085 4744 8514 5072 7490 6437 7929 6195 1843 1883 1547 5491 7594 7109 5877 4457 5808 4059 5789 7145 4670 7033 7409 7854 8683 10569 9546 12113 4859 11279 993 6833 3296 8010 4387 4890 10202 3944 3526 1654 9957 11729 
6731 2503 10458 6051 10296 2077 881 9054 4215 6960 1570 2875 5339 4950 6794 1895 5081 9985 5854 10604 8926 9601 5735 2951 7582 9274 7022 3032 1064 1388 5174 10220 5844 7120 12205 2696 4854 4769 1111 2960 3503 7683 4997 2366 4969 3629 4515 6850 3950 11791 8615 7144 6402 4498 2900 2598 0 5508 3523 7342 9980 6538 8956 4971 9395 4729 4441 4481 3013 6871 6128 8575 7343 1929 5558 5525 3219 4547 7268 8499 6083 6218 6085 7971 6948 9515 6325 8681 3591 4235 3982 5412 1789 6356 7604 1346 6124 1576 11423 9131 
2957 8011 4950 9825 4788 3431 5475 3546 2005 6190 7078 6649 963 2162 1734 3613 639 4477 6854 5096 3418 4093 2721 8459 3808 5500 8250 6522 6572 6762 334 4712 2070 10894 6697 3434 10362 1913 4885 8468 8639 2175 3661 6140 8743 9137 6505 5304 1558 6283 6497 3648 6164 2408 4266 6372 5508 0 7297 11116 4472 4430 4898 10479 5323 10237 8215 8255 6329 1363 11636 3067 4763 3579 564 7489 8727 7483 11042 2991 1037 1482 6761 4197 3174 5741 3327 4907 7365 6259 3076 3466 5167 8530 3830 4356 9898 5696 5915 5357 
10254 4376 12077 6480 11915 4358 2642 10673 5834 10483 2207 3438 8260 8473 8413 3892 7936 11604 7473 12223 10545 11220 7354 4766 11105 12797 8641 6555 4195 2135 7039 11839 9367 3623 13824 4315 4045 8292 2428 3559 7026 9302 8520 1377 3182 3898 8038 8469 6395 13410 10234 8763 9925 6117 6423 3085 3523 7297 0 4107 11599 8157 10575 4628 11014 3954 2782 3246 4632 8490 4745 10194 8962 5382 7177 7144 6714 8070 4223 10118 8334 8779 9608 11494 10471 13038 7944 12204 2708 7758 5601 8935 5312 7975 11127 4869 2805 1947 13042 12654 
14073 8195 9534 2373 8708 8177 6461 11264 9111 14302 6026 4467 12079 12292 9382 7711 11755 10895 4262 11102 12262 8659 8395 8585 14924 16616 4534 10374 8014 5954 10858 7732 13186 484 9717 7682 7864 12111 6231 7378 10845 9367 12339 4976 2373 7717 11857 5812 10214 9755 6127 7468 13744 8708 10242 4744 7342 11116 4107 0 7932 6686 6468 8447 6907 7773 2901 2861 4787 10235 8616 9729 6353 9201 10552 3627 10533 11889 116 10445 12153 12598 13427 15313 14290 16857 7789 16023 3751 11577 8040 12754 9131 3868 14946 8688 1302 5766 8935 16473 
6141 12483 1602 6641 776 7903 9947 3332 5765 10662 11550 8161 4641 6634 3186 8085 4899 2963 4126 3170 4330 727 4245 12931 6992 8684 5066 10994 11044 11234 4806 762 6442 7976 2225 7284 14834 6385 9171 12940 13111 2297 8133 10222 8417 13609 10977 3130 6030 1823 3313 2836 10636 5482 8738 8514 9980 4472 11599 7932 0 3442 1714 14951 2139 14709 8817 8353 6967 3109 16108 1797 2637 8051 4422 4455 13199 11955 7858 2513 4221 4666 11233 7381 6358 8925 3655 8091 8891 10731 5998 7938 9639 5346 7014 8828 8794 10168 1443 8541 
7387 9041 3920 5395 3758 4461 6505 4578 2425 7616 8108 4719 5393 5606 2696 4643 5069 4209 2424 4416 5576 3063 1709 9489 8238 9930 3820 7552 7602 7792 4172 3682 6500 6464 5667 3842 11392 5425 5729 9498 9669 2681 5653 6780 4975 10167 7535 874 3528 5253 2077 782 7194 2040 5296 5072 6538 4430 8157 6686 3442 0 2418 11509 2857 11267 5375 4911 3525 3549 12666 3043 805 4609 3866 3059 9757 8513 6612 3759 5467 5912 7791 8627 7604 10171 1103 9337 5449 7289 2556 6068 6197 4100 8260 5386 5468 6726 4885 9787 
7855 11459 3316 4927 2490 6879 8923 5046 4741 9638 10526 7137 5861 6074 3164 7061 5537 4677 3102 4884 6044 2441 3221 11907 8706 10398 3352 9970 10020 10210 4640 1264 6968 6952 3249 6260 13810 5893 8147 11916 12087 3149 7109 9198 7393 12585 9953 2106 5006 3537 1599 1812 9612 4458 7714 7490 8956 4898 10575 6468 1714 2418 0 13927 439 13685 7793 7329 5943 4017 15084 3511 1613 7027 4334 3431 12175 10931 6352 4227 5935 6380 10209 9095 8072 10639 2631 9805 7867 9707 4974 6914 8615 3632 8728 7804 7770 9144 2467 10255 
9162 2468 15429 9832 15267 7048 5004 14025 9186 5855 3401 6790 10310 8317 11765 6866 10052 14956 10825 15575 13897 14572 10706 2020 9265 8169 11993 3957 3907 3717 10145 15191 8509 8225 17176 7667 583 8566 5780 2011 2398 12654 6818 4729 6534 1342 3974 11821 8921 16762 13586 12115 5297 9469 6213 6437 4971 10479 4628 8447 14951 11509 13927 0 14366 674 6134 6598 7984 11842 1157 13546 12314 6900 10529 10496 2086 3442 8373 13470 11054 11189 4980 8934 11503 8410 11296 9104 6060 4220 8953 7013 5312 11327 7949 6123 7229 4783 16394 10168 
8280 11898 3741 4534 2915 7318 9362 5471 5180 10077 10965 7576 6286 6499 3589 7500 5962 5102 3541 5309 6469 2866 3660 12346 9131 10823 2927 10409 10459 10649 5065 1377 7393 7391 2810 6699 14249 6318 8586 12355 12526 3574 7548 9637 7832 13024 10392 2545 5445 3962 1174 2251 10051 4897 8153 7929 9395 5323 11014 6907 2139 2857 439 14366 0 14124 8232 7768 6382 4442 15523 3936 2052 7466 4759 3870 12614 11370 6791 4652 6360 6805 10648 9520 8497 11064 3070 10230 8306 10146 5413 7353 9054 3207 9153 8243 8209 9583 2028 10680 
8920 2226 15187 9590 15025 6806 4762 13783 8944 6529 3159 6548 10068 8075 11523 6624 9810 14714 10583 15333 13655 14330 10464 1778 9023 8843 11751 3715 3665 3475 9903 14949 8267 7551 16934 7425 125 8324 5538 1769 3072 12412 6576 4487 6292 1100 4084 11579 8679 16520 13344 11873 5971 9227 5971 6195 4729 10237 3954 7773 14709 11267 13685 674 14124 0 5892 6356 7742 11600 1399 13304 12072 6658 10287 10254 2760 4116 7699 13228 10812 10947 5654 8692 11261 9084 11054 8862 5818 3978 8711 6771 5070 11085 7707 5881 6555 4541 16152 9926 
11172 5294 9295 3698 9133 5276 3560 8363 6210 11401 3125 1566 9178 9391 6481 4810 8854 8822 4691 9441 9361 8438 5494 5684 12023 13715 5859 7473 5113 3053 7957 9057 10285 2679 11042 4781 6017 9210 3330 4477 7944 6520 9438 2075 528 4816 8956 5687 7313 10628 7452 5981 10843 5807 7341 1843 4441 8215 2782 2901 8817 5375 7793 6134 8232 5892 0 464 1886 7334 7291 7412 6180 6300 7651 4362 7632 8988 2827 7544 9252 9697 10526 12412 11389 13956 5162 13122 850 8676 5139 9853 6230 5193 12045 5787 1683 2865 10260 13572 
11212 5334 8831 3234 8669 5316 3600 8403 6250 11441 3197 1606 9218 9431 6521 4850 8894 8358 4227 8977 9401 7974 5534 5724 12063 13755 5395 7513 5153 3093 7997 8593 10325 2639 10578 4821 6481 9250 3370 4587 7984 6506 9478 2115 488 5256 8996 5223 7353 10164 6988 5517 10883 5847 7381 1883 4481 8255 3246 2861 8353 4911 7329 6598 7768 6356 464 0 1926 7374 7755 6948 5716 6340 7691 3898 7672 9028 2787 7584 9292 9737 10566 12452 11429 13996 4928 13162 890 8716 5179 9893 6270 4729 12085 5827 1643 2905 9796 13612 
9286 5516 7445 3496 7283 3390 2980 6477 4324 9515 4583 1194 7292 7505 4595 2924 6968 6972 2841 7591 7475 6588 3608 5964 10137 11829 4009 5587 4077 4267 6071 7207 8399 4565 9192 2895 7867 7324 2204 5973 6144 4670 7552 3255 2414 6642 7070 3837 5427 8778 5602 4131 8957 3921 5455 1547 3013 6329 4632 4787 6967 3525 5943 7984 6382 7742 1886 1926 0 5448 9141 5562 4330 4414 5765 2512 6232 7102 4713 5658 7366 7811 8640 10526 9503 12070 3312 11236 1924 6790 3253 7967 4344 3343 10159 3901 3569 3201 8410 11686 
3838 9374 3587 8944 3425 4794 6838 2183 2656 7553 8441 5768 1844 3525 853 4976 1790 3114 5973 3733 2055 2730 1840 9822 4689 6381 7369 7885 7935 8125 1697 3349 3333 10013 5334 4175 11725 3276 6062 9831 10002 868 5024 7113 7862 10500 7868 4423 2921 4920 5616 2767 7527 2373 5629 5491 6871 1363 8490 10235 3109 3549 4017 11842 4442 11600 7334 7374 5448 0 12999 1704 3882 4942 1313 6608 10090 8846 10161 1628 1918 2363 8124 5078 4055 6622 2446 5788 6484 7622 2889 4829 6530 7649 4711 5719 9017 7059 4552 6238 
10319 3625 16586 10989 16424 8205 6161 15182 10343 5738 4558 7947 11467 9474 12922 8023 11209 16113 11982 16732 15054 15729 11863 3177 10422 8052 13150 5114 5064 4874 11302 16348 9666 8342 18333 8824 1274 9723 6937 3168 2997 13811 7975 5886 7691 2499 5131 12978 10078 17919 14743 13272 5472 10626 7370 7594 6128 11636 4745 8616 16108 12666 15084 1157 15523 1399 7291 7755 9141 12999 0 14703 13471 8057 11686 11653 2909 4153 8732 14627 12211 12346 4875 10091 12660 8351 12453 10261 7217 5377 10110 8170 6469 12484 9106 7280 7346 5940 17551 11325 
4384 11078 1883 8438 1721 6498 8542 1535 4360 9257 10145 6756 3236 5229 1781 6680 3494 1410 5467 2029 2533 1070 2840 11526 5195 7009 6863 9589 9639 9829 3401 2559 5037 9507 3630 5879 13429 4980 7766 11535 11706 892 6728 8817 7356 12204 9572 3917 4625 3216 5110 2261 9231 4077 7333 7109 8575 3067 10194 9729 1797 3043 3511 13546 3936 13304 7412 6948 5562 1704 14703 0 3376 6646 3017 6102 11794 10550 9655 716 2492 2869 9828 5584 4561 7128 2250 6294 7486 9326 4593 6533 8234 7143 5597 7423 8511 8763 2848 6744 
7720 9846 3181 5062 2953 5266 7310 4911 3128 8025 8913 5524 5726 5939 3029 5448 5402 4542 2091 4749 5909 2306 2042 10294 8571 10263 3487 8357 8407 8597 4505 2877 6833 6131 4862 4647 12197 5758 6534 10303 10474 3014 5986 7585 5780 10972 8340 541 3861 4448 1734 1115 7999 2845 6101 5877 7343 4763 8962 6353 2637 805 1613 12314 2052 12072 6180 5716 4330 3882 13471 3376 0 5414 4199 2726 10562 9318 6279 4092 5800 6245 8596 8960 7937 10504 1436 9670 6254 8094 3361 6401 7002 3767 8593 6191 6157 7531 4080 10120 
4872 4432 8529 7910 8367 1024 2740 7125 2286 5101 3499 4734 3410 3091 4865 1490 3152 8056 4939 8675 6997 7672 3806 4880 5723 7415 6335 2943 2993 3247 3245 8291 3985 8979 10276 1519 6783 2910 2970 4889 5060 5754 3138 4225 6828 5558 2926 4921 2021 9862 6686 5215 4543 2569 1041 4457 1929 3579 5382 9201 8051 4609 7027 6900 7466 6658 6300 6340 4414 4942 8057 6646 5414 0 3629 5574 5148 3904 9127 6570 4154 4289 4226 6112 5089 7656 4396 6822 5450 2680 2053 3553 1588 6615 5745 777 7983 3435 9494 7272 
3521 8061 4900 9261 4738 3481 5525 3496 1441 6240 7128 6085 1527 2212 1236 3663 1203 4427 6290 5046 3368 4043 2157 8509 4372 6064 7686 6572 6622 6812 384 4662 2634 10330 6647 2870 10412 1963 4749 8518 8689 2125 3711 5800 8179 9187 6555 4740 1608 6233 5933 3084 6214 1844 4316 5808 5558 564 7177 10552 4422 3866 4334 10529 4759 10287 7651 7691 5765 1313 11686 3017 4199 3629 0 6925 8777 7533 10478 2941 1601 2046 6811 4761 3738 6305 2763 5471 6801 6309 2512 3516 5217 7966 4394 4406 9334 5746 5865 5921 
10446 8028 5907 2336 5081 4550 5492 7637 5484 10675 7095 3706 8452 8665 5755 4084 8128 7268 635 7475 8635 5032 4768 8476 11297 12989 1497 6747 6589 6779 7231 4695 9559 3521 6680 4055 10379 8484 4716 8485 8656 5740 8712 5767 3962 9154 8230 2185 6587 6266 3090 3841 10117 5081 6615 4059 5525 7489 7144 3627 4455 3059 3431 10496 3870 10254 4362 3898 2512 6608 11653 6102 2726 5574 6925 0 8744 8262 3553 6818 8526 8971 9800 11686 10663 13230 4162 12396 4436 7950 4413 9127 5504 1041 11319 5061 4339 5713 5898 12846 
7410 2338 13677 9242 13515 5296 4072 12273 7434 3769 4507 6066 8558 6565 10013 5114 8300 13204 9073 13823 12145 12820 8954 1948 7513 6083 10241 2205 2519 4579 8393 13439 6757 10311 15424 5915 2669 6814 4302 3155 312 10902 5066 5557 8160 2816 2222 10069 7169 15010 11834 10363 3211 7717 4461 5789 3219 8727 6714 10533 13199 9757 12175 2086 12614 2760 7632 7672 6232 10090 2909 11794 10562 5148 8777 8744 0 1356 10459 11718 9302 9437 2894 7182 9751 6324 9544 7352 6782 2468 7201 5261 3560 9575 6197 4371 9315 4767 14642 8416 
