0 10613 8830 4224 4901 7052 13150 7762 6885 1756 3677 5547 7280 3435 2522 4817 2663 1190 2061 7710 2187 3571 1329 1381 7027 9554 2807 5693 4653 3721 4068 7243 5193 5265 8819 2770 2762 4541 2830 2944 3022 9082 8085 4031 8459 7615 1999 2058 6850 6702 2072 4086 6903 6966 4200 8778 925 3404 5575 11748 10044 2620 4898 6235 3933 5247 3134 5166 3748 2323 7611 1866 5957 4098 12779 3253 10883 3567 2081 6086 5218 5204 7811 8368 5079 3742 4129 2179 6877 4673 2966 8932 5416 7405 7295 6262 7528 5209 2475 3802 8375 3564 5913 3967 1323 1111 4566 8591 3226 6518 4668 9973 5707 9718 6329 1776 6259 6793 6738 3297 4910 12519 3417 10577 4139 1844 4982 343 8912 4043 7929 3732 10432 2519 3979 3518 5556 5962 2860 3212 3377 5796 7564 4896 4687 1974 3569 6252 2597 9766 
10613 0 8099 14837 8292 5371 2537 7031 7616 8857 12426 7850 8011 8500 8091 15430 13276 11383 10318 2903 12082 11500 11826 10478 7758 4735 13420 8384 6688 10744 10507 7974 6958 5996 1794 11241 10315 6072 13201 13557 7591 2233 4934 8402 2192 2998 10674 9095 3763 3911 8541 8437 7634 3647 6413 8047 10822 14017 6672 1135 2819 10489 9055 7878 6924 7378 12295 6971 9327 8290 6880 8747 7622 7295 2166 8474 3342 11354 11198 10605 6375 8941 2802 9099 5534 6871 8668 12656 7384 5940 7817 5031 16029 8982 6564 4351 6797 8962 11856 10505 7644 12399 4700 6646 10360 11714 9651 3550 9079 8261 5945 3454 4906 895 7134 10451 7780 3820 7469 9920 5703 1906 14030 3558 6474 12457 9911 10292 3883 7878 7198 7655 539 8150 14592 10653 5703 5879 10569 11197 8338 4817 3049 5717 15300 12587 10926 6209 8016 847 
8830 8099 0 9614 3929 2728 9348 1068 15715 9846 12507 3283 16110 5395 8650 9545 8259 10020 6769 8216 6643 5615 10159 10211 15857 12834 9873 14523 13483 5109 4762 16073 14023 14095 7597 11600 6068 10343 7316 7672 9776 10332 13033 4799 10291 5111 6831 10888 9148 8108 10108 4744 15733 5218 8454 338 9755 8132 14405 8470 10918 6210 3932 15065 4897 3583 6410 13996 12578 9623 1219 8428 2873 12928 10133 12083 11441 5469 10911 14916 3612 3626 5991 17198 6003 8768 12959 11009 15483 13219 11796 13130 10144 3097 1535 12294 1302 3621 6355 5028 455 12394 7453 9355 10153 7719 13396 11649 12056 15348 9526 11553 12727 7286 15159 10606 2571 9137 15568 12127 6586 7791 9861 11657 5319 8322 13812 8487 4216 4787 901 5098 7560 6311 8707 5312 13802 13978 11690 12042 5453 4668 9406 8618 9415 9458 5261 2578 7957 8764 
4224 14837 9614 0 6545 11276 17374 8546 10601 5980 2893 6987 9868 6337 6746 613 1561 3454 4519 11934 2971 4355 3011 4359 8211 13778 1417 6453 8149 4505 4852 9647 7879 9243 13043 3596 4522 8765 3614 1994 7246 13306 12309 6435 12683 11839 4163 5742 11074 10926 6296 6400 7941 11190 8424 9562 4015 2568 8165 15972 14268 4348 5782 6959 7913 7459 3918 7866 5510 6547 8395 6090 7215 7542 17003 6363 15107 4351 3639 5302 8462 5988 12035 7974 9303 7966 6169 2181 11101 8897 7020 13156 1192 8189 9921 10486 8312 5993 3259 4586 9159 2780 10137 8191 4477 3123 5186 12815 5758 6576 8892 14197 9931 13942 7703 4386 7057 11017 7930 4917 9134 16743 807 14801 8363 2380 4926 4545 13136 6959 9597 7182 14656 6687 1369 4302 9780 10186 4268 3640 6499 10020 11788 9120 1519 2250 4353 8628 6821 13990 
4901 8292 3929 6545 0 4731 10829 2861 11786 5917 8578 646 12181 1466 4721 7138 4984 6091 2840 5389 3790 3208 6230 6282 11928 8905 5944 10594 9554 2452 2215 12144 10094 10166 6498 7671 2139 6414 4909 5265 5847 6761 9104 870 6362 5294 2902 6959 5219 4381 6179 815 11804 4645 4525 3877 5826 5725 10476 9427 7723 2281 763 11136 1368 914 4003 10067 8649 5694 2710 4499 1056 8999 10458 8154 8562 3062 6982 10987 1917 649 5490 13269 2758 4839 9030 7080 11554 9290 7867 9201 7737 2504 3376 8365 2627 670 3564 2213 3474 8465 3592 5426 6224 3790 9467 7720 8127 11419 5597 7652 8798 7397 11230 6677 1358 5208 11639 8198 2657 10198 5932 8256 1818 4393 9883 4558 6591 858 3052 1169 8111 2382 6300 2361 9873 10049 7761 8113 1524 3475 5477 4689 7008 5529 2634 2083 4028 7445 
7052 5371 2728 11276 4731 0 6620 2750 12987 7118 9779 4289 13382 4939 5922 11869 9715 7822 6757 5488 8521 7939 8265 7483 13129 10106 9859 11795 10755 7183 6946 13345 11295 11367 4869 8872 6754 7615 9640 9996 7048 7604 10305 4841 7563 2383 7113 8160 6420 5380 7380 4876 13005 2490 5726 2676 7261 10456 11677 5742 8190 6928 5494 12337 3363 3817 8734 11268 9850 6895 3263 5700 4061 10200 7405 9355 8713 7793 8183 12188 2814 5380 3263 14470 3275 6040 10231 9095 12755 10491 9068 10402 12468 5421 1355 9566 3012 5401 8295 6944 2771 9666 4725 6627 7425 8153 10668 8921 9328 12620 6798 8825 9999 4558 12431 7878 4219 6409 12840 9399 3858 5467 10469 8929 2913 8896 11084 6731 1860 4317 1827 4094 4832 4589 11031 7092 11074 11250 8962 9314 4777 1940 6678 5890 11739 9026 7365 2648 5229 6036 
13150 2537 9348 17374 10829 6620 0 8848 6773 11394 14963 10387 7506 11037 10628 17967 15813 13920 12855 5440 14619 14037 14363 13015 9163 3596 15957 10921 9225 13281 13044 7727 9495 8131 4331 13778 12852 8609 15738 16094 10128 4068 5065 10939 4691 5535 13211 11632 6300 6448 11078 10974 9433 6184 8950 9296 13359 16554 9209 1402 3106 13026 11592 10415 9461 9915 14832 9508 11864 10827 9361 11284 10159 9832 785 11011 2267 13891 13735 13142 8912 11478 5339 9400 8071 9408 11205 15193 6273 8477 10354 4218 18566 11519 7813 6888 9110 11499 14393 13042 8893 14936 7237 9183 12897 14251 12188 4559 11616 10798 8482 3177 7443 3432 9671 12988 10317 6357 9444 12457 8240 1567 16567 2573 9011 14994 12448 12829 5132 10415 8447 10192 2718 10687 17129 13190 7594 7188 13106 13734 10875 7354 5586 8254 17837 15124 13463 8746 10553 3384 
7762 7031 1068 8546 2861 2750 8848 0 14647 8778 11439 2215 15042 4327 7582 9119 7191 8952 5701 7148 5771 5189 9091 9143 14789 11766 8805 13455 12415 4433 4196 15005 12955 13027 6529 10532 5000 9275 6890 7246 8708 9264 11965 3731 9223 4043 5763 9820 8080 7040 9040 3676 14665 4150 7386 1016 8687 7706 13337 7446 9850 5142 2864 13997 3829 2515 5984 12928 11510 8555 513 7360 1805 11860 9065 11015 10373 5043 9843 13848 2544 2630 4923 16130 4935 7700 11891 9941 14415 12151 10728 12062 9718 2671 1395 11226 262 2651 5545 4194 613 11326 6385 8287 9085 6651 12328 10581 10988 14280 8458 10485 11659 6218 14091 9538 1503 8069 14500 11059 5518 8217 8793 10589 4251 7254 12744 7419 4610 3719 1071 4030 6492 5243 8281 4342 12734 12910 10622 10974 4385 3600 8338 7550 8989 8390 4615 1510 6889 7696 
6885 7616 15715 10601 11786 12987 6773 14647 0 5869 8190 12432 733 10320 7065 11194 9040 7147 8946 7499 9072 10456 7590 6242 2390 3177 9184 4148 2452 10606 10953 954 2722 1620 8118 7005 9647 5372 9715 9321 5939 5383 2682 10916 5424 10604 8884 4859 6567 7607 5607 10971 2660 10497 7261 15663 6586 9781 2436 7245 4797 9505 11783 3642 10818 12132 10019 2735 5091 6092 14496 7287 12842 3059 6402 4238 4506 10452 6962 6369 12103 12089 9724 2627 9712 6947 4432 8420 500 2496 3919 2585 11793 14290 14180 3421 14413 12094 9360 10687 15260 8163 8262 6360 6124 7996 5415 4066 4843 4025 6189 4162 2988 8429 2898 6215 13144 6578 2671 5684 9129 7934 9794 4200 10396 8221 5675 7228 11499 10928 14814 10617 8155 9404 10356 10403 1913 1737 6333 6961 10262 11047 6309 7097 11064 8351 10454 13137 7758 6951 
1756 8857 9846 5980 5917 7118 11394 8778 5869 0 3569 6563 6264 4451 1196 6573 4419 2526 3077 5954 3225 4587 2969 1621 6011 7798 4563 4677 3637 4737 5084 6227 4177 4249 7063 2384 3778 2785 4344 4700 1266 7326 6329 5047 6703 5859 3015 1042 5094 4946 316 5102 5887 5210 2444 9794 1965 5160 4559 9992 8288 3636 5914 5219 4949 6263 4150 4150 2732 567 8627 1418 6973 3082 11023 2237 9127 4583 2341 5070 6234 6220 6055 7352 3843 1986 3113 3799 5637 3373 1950 7176 7172 8421 8311 4506 8544 6225 3491 4818 9391 3542 4157 2211 1503 2857 3550 6835 2210 5502 2912 8217 3951 7962 5313 1594 7275 5037 5722 2281 3260 10763 5173 8821 4527 3600 3966 1435 7156 5059 8945 4748 8676 3535 5735 4534 3956 4206 1844 2340 4393 5178 5808 3140 6443 3730 4585 7268 1889 8010 
3677 12426 12507 2893 8578 9779 14963 11439 8190 3569 0 9224 7457 7112 4335 3506 4248 2487 5738 9523 5864 7248 2348 2296 5800 11367 2634 4042 5738 7398 7745 7236 5468 6832 10632 1185 6439 6354 6507 4887 4835 10895 9898 7708 10272 9428 5676 3331 8663 8515 3885 7763 5530 8779 6013 12455 2752 5461 5754 13561 11857 6297 8575 4548 7610 8924 6811 5455 3099 4136 11288 4079 9634 5131 14592 3952 12696 7244 1596 2409 8895 8881 9624 5563 6892 5555 3758 1498 8690 6486 4609 10745 3603 11082 10972 8075 11205 8886 6152 7479 12052 113 7726 5780 2354 4788 2775 10404 3347 4165 6481 11786 7520 11531 5292 1975 9936 8606 5519 2506 6723 14332 2646 12390 7188 4185 2515 4020 10725 7720 11606 7409 12245 6196 4262 7195 7369 7775 1857 1229 7054 7839 9377 6709 4412 3049 7246 9929 4550 11579 
5547 7850 3283 6987 646 4289 10387 2215 12432 6563 9224 0 12827 2112 5367 7580 5426 6737 3486 4947 4232 3650 6876 6928 12574 9551 6590 11240 10200 2894 2657 12790 10740 10812 6056 8317 2785 7060 5351 5707 6493 7049 9750 1516 7008 4852 3548 7605 5865 4825 6825 1461 12450 4203 5171 3231 6472 6167 11122 8985 7635 2927 1205 11782 1614 472 4445 10713 9295 6340 2064 5145 410 9645 10016 8800 8158 3504 7628 11633 1475 1091 5048 13915 2720 5485 9676 7726 12200 9936 8513 9847 8179 1858 2934 9011 1981 1112 4006 2655 2828 9111 4170 6072 6870 4436 10113 8366 8773 12065 6243 8270 9444 6955 11876 7323 712 5854 12285 8844 3303 9756 6578 8374 2036 5039 10529 5204 6149 1504 2610 1815 7669 3028 6742 2803 10519 10695 8407 8759 2170 3033 6123 5335 7450 6175 3076 1641 4674 7003 
7280 8011 16110 9868 12181 13382 7506 15042 733 6264 7457 12827 0 10715 7460 10461 8307 6414 9341 7894 9467 10851 6857 5899 1657 3910 8451 3415 2627 11001 11348 221 2087 2015 8513 6272 10042 5767 10110 8588 6334 5778 3077 11311 5819 10999 9279 5222 6962 8002 6002 11366 1927 10892 7656 16058 6355 9064 1705 7640 5192 9900 12178 2909 11213 12527 10414 2114 4358 6487 14891 7682 13237 3182 7135 4027 5239 10847 6229 5636 12498 12484 10119 1894 10107 7342 3699 7687 1233 2891 4314 3288 11060 14685 14575 3816 14808 12489 9755 11082 15655 7430 8657 6755 5957 8391 4682 4461 4110 3292 6584 4557 3383 8824 2165 5504 13539 6973 1938 4951 9524 8329 9061 4933 10791 7788 4942 7623 11894 11323 15209 11012 8550 9799 9623 10798 2308 2132 5600 6228 10657 11442 6704 7492 10331 7618 10849 13532 8153 7346 
3435 8500 5395 6337 1466 4939 11037 4327 10320 4451 7112 2112 10715 0 3255 6930 4776 4625 1818 5597 3582 3000 4764 4816 10462 7441 4920 9128 8088 2244 2007 10678 8628 8700 6706 6205 1815 4948 4701 5057 4381 6969 7638 596 6346 5502 2174 5493 4737 4589 4713 651 10338 4853 3059 5343 4360 5517 9010 9635 7931 1989 1463 9670 1576 1812 3795 8601 7183 4228 4176 3033 2522 7533 10666 6688 8770 2854 5516 9521 2125 1769 5698 11803 2966 3373 7564 5614 10088 7824 6401 7735 7529 3970 3860 6899 4093 1774 3356 2005 4940 6999 3800 3960 4758 3214 8001 6478 6661 9953 4131 7860 7332 7605 9764 5211 2824 4680 10173 6732 2797 10406 5530 8464 2026 3957 8417 3092 6799 622 4494 845 8319 916 6092 2153 8407 8583 6295 6647 162 3683 5451 3223 6800 4087 2426 2817 2562 7653 
2522 8091 8650 6746 4721 5922 10628 7582 7065 1196 4335 5367 7460 3255 0 7339 5185 3292 2227 5188 3991 3409 3735 2387 7207 7032 5329 5873 4833 3541 3888 7423 5373 5445 6297 3150 2582 2019 5110 5466 1126 6560 5563 3851 5937 5093 2583 2238 4328 4180 1458 3906 7083 4444 1678 8598 2731 5926 5755 9226 7522 2440 4718 6415 3753 5067 4204 5346 3928 973 7431 656 5777 4278 10257 3433 8361 3387 3107 6266 5038 5024 5289 8548 2647 1220 4309 4565 6833 4569 3146 6410 7938 7225 7115 3740 7348 5029 3765 3622 8195 4308 3391 1445 2269 3623 4746 6069 3406 6698 2146 7451 4077 7196 6509 2360 6079 4271 6918 3477 2388 9997 5939 8055 3331 4366 5162 2201 6390 3863 7749 3552 7910 2339 6501 3338 5152 5328 3040 3392 3197 3982 5042 2374 7209 4496 3389 6072 693 7244 
4817 15430 9545 613 7138 11869 17967 9119 11194 6573 3506 7580 10461 6930 7339 0 2154 4047 5112 12527 3348 3930 3604 4952 8804 14371 2010 7046 8742 4686 4923 10240 8472 9836 13636 4189 5115 9358 3001 1873 7839 13899 12902 7028 13276 12432 4756 6335 11667 11519 6889 6993 8534 11783 9017 9207 4608 1955 8758 16565 14861 4941 6375 7552 8506 8052 3305 8459 6103 7140 8606 6683 7808 8135 17596 6956 15700 4076 4232 5915 9055 6489 12628 8567 9896 8559 6762 2774 11694 9490 7613 13749 599 7576 10514 11079 8857 6468 3574 4925 9098 3393 10730 8784 5070 3716 5779 13408 6351 7169 9485 14790 10524 14535 8296 4979 7650 11610 8523 5510 9727 17336 1400 15394 8956 2973 5519 5138 13729 7552 10190 7775 15249 7280 838 4777 10373 10779 4861 4233 7092 10613 12381 9713 906 2843 4504 9221 7414 14583 
2663 13276 8259 1561 4984 9715 15813 7191 9040 4419 4248 5426 8307 4776 5185 2154 0 1893 2958 10373 1616 3000 1900 2798 7598 12217 1614 6264 6588 3150 3497 8086 6318 7682 11482 3341 2961 7204 2259 639 5685 11745 10748 4874 11122 10278 2602 4181 9513 9365 4735 4839 7474 9629 6863 8207 2454 1213 6604 14411 12707 2787 4327 6806 6352 5898 2563 6305 4319 4986 7040 4529 5654 5981 15442 4802 13546 2996 2652 6657 6901 4633 10474 8939 7742 6405 4700 2750 9540 7336 5459 11595 2753 6834 8360 8925 6957 4638 1904 3231 7804 4135 8576 6630 2916 1562 5137 11254 4197 7089 7331 12636 8370 12381 6900 2825 5688 9456 7309 3868 7573 15182 1602 13240 6802 819 5553 2984 11575 5398 8036 5621 13095 5126 1316 2947 8219 8625 3431 3783 4938 8459 10227 7559 2024 1199 2998 7067 5260 12429 
1190 11383 10020 3454 6091 7822 13920 8952 7147 2526 2487 6737 6414 4625 3292 4047 1893 0 3251 8480 3377 4761 443 905 5837 10324 2037 4503 4695 4911 5258 6193 4425 5789 9589 1580 3952 5311 4020 2400 3792 9852 8855 5221 9229 8385 3189 2288 7620 7472 2842 5276 5713 7736 4970 9968 561 2974 4711 12518 10814 3810 6088 5045 5123 6437 4324 4412 2558 3093 8801 2636 7147 4088 13549 2909 11653 4757 891 4896 6408 6394 8581 7178 5849 4512 2939 1273 7647 5443 3566 9702 4646 8595 8485 7032 8718 6399 3665 4992 9565 2374 6683 4737 1023 2301 3376 9361 2304 5328 5438 10743 6477 10488 5139 932 7449 7563 5548 2107 5680 13289 2647 11347 4909 1698 3792 1533 9682 5233 9119 4922 11202 3709 3209 4708 6326 6732 1670 2022 4567 6566 8334 5666 3917 1204 4759 7442 3367 10536 
2061 10318 6769 4519 2840 6757 12855 5701 8946 3077 5738 3486 9341 1818 2227 5112 2958 3251 0 7415 1764 1510 3390 3442 9088 9259 3104 7754 6714 1660 2007 9304 7254 7326 8524 4831 701 4246 2883 3239 3007 8787 7790 1970 8164 7320 356 4119 6555 6407 3339 2025 8964 6671 3905 6717 2986 3699 7636 11453 9749 559 2837 8296 3394 3186 1977 7227 5809 2854 5550 1659 3896 6159 12484 5314 10588 1506 4142 8147 3943 3143 7516 10429 4784 3447 6190 4240 8714 6450 5027 8637 5711 5344 5402 5967 5467 3148 1538 1741 6314 5625 5618 3672 3384 1396 6627 8296 5287 8579 4373 9678 5958 9423 8390 3837 4198 6498 8799 5358 4615 12224 3712 10282 3844 2139 7043 1718 8617 2440 5868 2663 10137 2168 4274 1457 7033 7209 4921 5273 1980 5501 7269 4601 4982 2689 1508 4191 2302 9471 
7710 2903 8216 11934 5389 5488 5440 7148 7499 5954 9523 4947 7894 5597 5188 12527 10373 8480 7415 0 9179 8597 8923 7575 7641 4618 10517 6307 5267 7841 7604 7857 5807 5879 1109 8338 7412 3169 10298 10654 4688 2116 4817 5499 2075 3105 7771 6192 932 1008 5638 5534 7517 2998 3510 8164 7919 11114 6189 4038 2702 7586 6152 6849 4021 4633 9392 5780 6424 5387 6997 5844 5343 4712 5069 5571 3225 8451 8295 7702 4604 6038 2225 8982 2631 3968 5765 9753 7267 5003 4914 4914 13126 6791 6681 4078 6914 6059 8953 7602 7761 9496 1797 3743 7457 8811 6748 3433 6176 7132 3042 3337 4511 2008 6943 7548 5645 921 7352 7017 2800 4809 11127 3441 3571 9554 7008 7389 4000 4975 7315 4752 2722 5247 11689 7750 5586 5762 7666 8294 5435 3548 1190 2814 12397 9684 8023 5638 5113 2056 
2187 12082 6643 2971 3790 8521 14619 5771 9072 3225 5864 4232 9467 3582 3991 3348 1616 3377 1764 9179 0 1384 3516 3568 9214 11023 3230 7880 6840 1534 1881 9430 7380 7452 10288 4957 1767 6010 1119 1475 4491 10551 9554 3680 9928 9084 1408 4245 8319 8171 3541 3645 9090 8435 5669 6591 3112 1935 7762 13217 11513 1593 3027 8422 5158 4704 947 7353 5935 3792 5424 3335 4460 6285 14248 5440 12352 1380 4268 8273 5707 3141 9280 10555 6548 5211 6316 4366 8840 6576 5153 10401 3947 5218 7166 7731 5509 3120 288 1615 6188 5751 7382 5436 3510 1076 6753 10060 5413 8705 6137 11442 7176 11187 8516 3963 4302 8262 8925 5484 6379 13988 3218 12046 5608 1679 7169 1844 10381 4204 6842 4427 11901 3932 2510 1429 7159 7431 5047 5399 3744 7265 9033 6365 3218 2815 1382 5873 4066 11235 
3571 11500 5615 4355 3208 7939 14037 5189 10456 4587 7248 3650 10851 3000 3409 3930 3000 4761 1510 8597 1384 0 4900 4952 10598 10441 4614 9264 8224 756 993 10814 8764 8836 9706 6341 1185 5428 1701 2361 4517 9969 8972 3098 9346 8502 1572 5629 7737 7589 4849 3063 10474 7853 5087 5277 4496 2517 9146 12635 10931 1011 2445 9806 4576 4122 795 8737 7319 4364 4676 3169 3878 7669 13666 6824 11770 146 5652 9657 5125 2559 8698 11939 5966 4629 7700 5750 10224 7960 6537 9819 4529 3834 6584 7149 4927 2538 1096 995 5168 7135 6800 4854 4894 2460 8137 9478 6797 10089 5555 10860 7468 10605 9900 5347 3720 7680 10309 6868 5797 13406 4602 11464 5026 3063 8553 3228 9799 3622 6260 3845 11319 3350 3092 847 8543 8719 6431 6783 3162 6683 8451 5783 3800 4199 574 5291 3484 10653 
1329 11826 10159 3011 6230 8265 14363 9091 7590 2969 2348 6876 6857 4764 3735 3604 1900 443 3390 8923 3516 4900 0 1348 5698 10767 1594 4364 5138 5050 5397 6636 4868 6232 10032 1441 4091 5754 4159 2539 4235 10295 9298 5360 9672 8828 3328 2731 8063 7915 3285 5415 5574 8179 5413 10107 1004 3113 5154 12961 11257 3949 6227 4906 5262 6576 4463 4855 2499 3536 8940 3079 7286 4531 13992 3352 12096 4896 752 4757 6547 6533 9024 7039 6292 4955 3158 850 8090 5886 4009 10145 4203 8734 8624 7475 8857 6538 3804 5131 9704 2235 7126 5180 1466 2440 3237 9804 2747 5189 5881 11186 6920 10931 5000 1375 7588 8006 5409 1968 6123 13732 2204 11790 5352 1837 3653 1672 10125 5372 9258 5061 11645 3848 2766 4847 6769 7175 1531 1883 4706 7009 8777 6109 3474 761 4898 7581 3810 10979 
1381 10478 10211 4359 6282 7483 13015 9143 6242 1621 2296 6928 5899 4816 2387 4952 2798 905 3442 7575 3568 4952 1348 0 5646 9419 2942 4312 3790 5102 5449 5862 3812 4884 8684 1389 4143 4406 4211 3079 2887 8947 7950 5412 8324 7480 3380 1383 6715 6567 1937 5467 5522 6831 4065 10159 456 3539 4194 11613 9909 4001 6279 4854 5314 6628 4515 3785 2367 2188 8992 1783 7338 3183 12644 2004 10748 4948 720 4705 6599 6585 7676 6987 4944 3607 2748 2178 6742 4538 2661 8797 5551 8786 8676 6127 8909 6590 3856 5183 9756 2183 5778 3832 118 2492 3185 8456 1845 5137 4533 9838 5572 9583 4948 395 7640 6658 5357 1916 4775 12384 3552 10442 4892 1979 3601 1724 8777 5424 9310 5113 10297 3900 4114 4899 5421 5827 1479 1831 4758 5661 7429 4761 4822 2109 4950 7633 2462 9631 
7027 7758 15857 8211 11928 13129 9163 14789 2390 6011 5800 12574 1657 10462 7207 8804 7598 5837 9088 7641 9214 10598 5698 5646 0 5567 6794 1758 2374 10748 11095 1436 1834 1762 8260 4615 9789 5514 9857 8237 6081 5525 4098 11058 5566 10746 9026 4969 6709 7749 5749 11113 270 10639 7403 15805 6102 8811 1452 7761 6057 9647 11925 1252 10960 12274 10161 1861 3279 6234 14638 7429 12984 2929 8792 3774 6896 10594 4946 3979 12245 12231 9866 1341 9854 7089 2898 6030 2890 2638 4061 4945 9403 14432 14322 3563 14555 12236 9502 10829 15402 5773 8404 6502 5704 8138 3025 4604 3801 1635 6331 5986 3130 8571 698 5251 13286 6720 289 3730 9271 8532 7404 6590 10538 7535 3285 7370 11641 11070 14956 10759 8297 9546 7966 10545 2055 1975 4167 4571 10404 11189 6451 7239 8674 6399 10596 13279 7900 7093 
9554 4735 12834 13778 8905 10106 3596 11766 3177 7798 11367 9551 3910 7441 7032 14371 12217 10324 9259 4618 11023 10441 10767 9419 5567 0 12361 7325 5629 9685 9448 4131 5899 4535 5237 10182 9256 5013 12142 12498 6532 2502 1469 8035 2543 7723 9615 8036 3686 4726 7482 8090 5837 7616 5354 12782 9763 12958 5613 4364 1916 9430 8902 6819 7937 9251 11236 5912 8268 7231 11615 7688 9961 6236 3225 7415 1393 10295 10139 9546 9222 9208 6843 5804 6831 5812 7609 11597 2677 4881 6758 622 14970 11409 11299 3292 11532 9213 10797 9446 12379 11340 5381 5587 9301 10655 8592 1185 8020 7202 4886 1281 3847 5548 6075 9392 10263 3697 5848 8861 6248 5053 12971 1177 7515 11398 8852 9233 8618 8047 11933 7736 5274 7091 13533 9594 3998 3592 9510 10138 7381 8166 3428 4658 14241 11528 9867 10256 6957 4070 
2807 13420 9873 1417 5944 9859 15957 8805 9184 4563 2634 6590 8451 4920 5329 2010 1614 2037 3104 10517 3230 4614 1594 2942 6794 12361 0 5036 6732 4764 5111 8230 6462 7826 11626 2179 3805 7348 3873 2253 5829 11889 10892 5074 11266 10422 3042 4325 9657 9509 4879 5129 6524 9773 7007 9821 2598 2827 6748 14555 12851 3663 5941 5542 6496 6290 4177 6449 4093 5130 8654 4673 7000 6125 15586 4946 13690 4610 2222 5043 7045 6247 10618 7325 7886 6549 4752 1136 9684 7480 5603 11739 2609 8448 8504 9069 8571 6252 3518 4845 9418 2521 8720 6774 3060 2154 3769 11398 4341 5475 7475 12780 8514 12525 6286 2969 7302 9600 6513 3500 7717 15326 610 13384 6946 1551 3939 3128 11719 5542 8972 5765 13239 5270 1628 4561 8363 8769 2851 2223 5082 8603 10371 7703 1880 833 4612 7295 5404 12573 
5693 8384 14523 6453 10594 11795 10921 13455 4148 4677 4042 11240 3415 9128 5873 7046 6264 4503 7754 6307 7880 9264 4364 4312 1758 7325 5036 0 1696 9414 9761 3194 1426 2790 6926 2923 8455 4180 8523 6903 4747 6853 5856 9724 6230 9412 7692 3635 5375 6415 4415 9779 1488 9305 6069 14471 4768 7477 1712 9519 7815 8313 10591 542 9626 10940 8827 1413 1945 4900 13304 6095 11650 1595 10550 2440 8654 9260 3612 2221 10911 10897 8532 2675 8520 5755 1564 4272 4648 2444 2727 6703 7645 13098 12988 4033 13221 10902 8168 9495 14068 4015 7070 5168 4370 6804 1267 6362 2467 825 4997 7744 3478 7489 1250 3917 11952 5386 1477 2396 7937 10290 5646 8348 9204 6201 1527 6036 10307 9736 13622 9425 8203 8212 6278 9211 3327 3733 2833 2813 9070 9855 5335 5905 6916 5065 9262 11945 6566 7537 
4653 6688 13483 8149 9554 10755 9225 12415 2452 3637 5738 10200 2627 8088 4833 8742 6588 4695 6714 5267 6840 8224 5138 3790 2374 5629 6732 1696 0 8374 8721 2590 540 1094 5886 4553 7415 3140 7483 6869 3707 5157 4160 8684 4534 8372 6652 2595 4335 5375 3375 8739 2250 8265 5029 13431 4134 7329 922 7823 6119 7273 9551 1582 8586 9900 7787 513 2639 3860 12264 5055 10610 607 8854 1786 6958 8220 4510 3917 9871 9857 7492 3715 7480 4715 1980 5968 2952 748 1687 5007 9341 12058 11948 2337 12181 9862 7128 8455 13028 5711 6030 4128 3672 5764 2963 4666 2391 1865 3957 6048 1782 6197 1676 3763 10912 4346 2085 3232 6897 8594 7342 6652 8164 5769 3223 4996 9267 8696 12582 8385 6507 7172 7904 8171 1631 2037 3881 4509 8030 8815 4077 4865 8612 5899 8222 10905 5526 5841 
3721 10744 5109 4505 2452 7183 13281 4433 10606 4737 7398 2894 11001 2244 3541 4686 3150 4911 1660 7841 1534 756 5050 5102 10748 9685 4764 9414 8374 0 347 10964 8914 8986 8950 6491 959 5234 2457 2813 4667 9213 8216 2342 8590 7746 1722 5779 6981 6833 4999 2307 10624 7097 4331 5057 4646 3273 9296 11879 10175 1101 1689 9956 3820 3366 1551 8887 7469 4514 3920 3319 3122 7819 12910 6974 11014 610 5802 9807 4369 1803 7942 12089 5210 3873 7850 5900 10374 8110 6687 9063 5285 3684 5828 7185 4171 1782 1246 239 4654 7285 6044 4246 5044 2610 8287 8722 6947 10239 4799 10104 7618 9849 10050 5497 2964 6924 10459 7018 5041 12650 4752 10708 4270 3213 8703 3378 9043 2866 5504 3089 10563 2594 3848 203 8693 8869 6581 6933 2406 5927 7695 5027 4556 4349 182 4535 2848 9897 
4068 10507 4762 4852 2215 6946 13044 4196 10953 5084 7745 2657 11348 2007 3888 4923 3497 5258 2007 7604 1881 993 5397 5449 11095 9448 5111 9761 8721 347 0 11311 9261 9333 8713 6838 1306 5581 2694 3050 5014 8976 8271 2105 8353 7509 2069 6126 6744 6596 5346 2070 10971 6860 4094 4710 4993 3510 9643 11642 9938 1448 1452 10303 3583 3129 1788 9234 7816 4861 3683 3666 2885 8166 12673 7321 10777 847 6149 10154 4132 1566 7705 12436 4973 4006 8197 6247 10721 8457 7034 8826 5522 3337 5591 7532 3934 1545 1593 266 4307 7632 5807 4593 5391 2957 8634 8485 7294 10586 4764 9867 7965 9612 10397 5844 2727 6687 10806 7365 4804 12413 5099 10471 4033 3560 9050 3725 8806 2629 5267 2852 10326 2357 4085 550 9040 9216 6928 7280 2169 5690 7458 4790 4793 4696 499 4298 3195 9660 
7243 7974 16073 9647 12144 13345 7727 15005 954 6227 7236 12790 221 10678 7423 10240 8086 6193 9304 7857 9430 10814 6636 5862 1436 4131 8230 3194 2590 10964 11311 0 2050 1978 8476 6051 10005 5730 10073 8453 6297 5741 3040 11274 5782 10962 9242 5185 6925 7965 5965 11329 1706 10855 7619 16021 6318 9027 1668 7603 5155 9863 12141 2688 11176 12490 10377 2077 4137 6450 14854 7645 13200 3145 7356 3990 5460 10810 6008 5415 12461 12447 10082 1673 10070 7305 3478 7466 1454 2854 4277 3509 10839 14648 14538 3779 14771 12452 9718 11045 15618 7209 8620 6718 5920 8354 4461 4424 4017 3071 6547 4550 3346 8787 1944 5467 13502 6936 1717 4730 9487 8292 8840 5154 10754 7751 4721 7586 11857 11286 15172 10975 8513 9762 9402 10761 2271 2095 5379 6007 10620 11405 6667 7455 10110 7397 10812 13495 8116 7309 
5193 6958 14023 7879 10094 11295 9495 12955 2722 4177 5468 10740 2087 8628 5373 8472 6318 4425 7254 5807 7380 8764 4868 3812 1834 5899 6462 1426 540 8914 9261 2050 0 1364 6426 4283 7955 3680 8023 6599 4247 5427 4430 9224 4804 8912 7192 3135 4875 5915 3915 9279 1710 8805 5569 13971 4268 7059 382 8093 6389 7813 10091 1042 9126 10440 8327 27 2369 4400 12804 5595 11150 1095 9124 1940 7228 8760 4240 3647 10411 10397 8032 3175 8020 5255 1710 5698 3222 1018 2227 5277 9071 12598 12488 2607 12721 10402 7668 8995 13568 5441 6570 4668 3870 6304 2693 4936 2121 1325 4497 6318 2052 6737 1136 3493 11452 4886 1545 2962 7437 8864 7072 6922 8704 5701 2953 5536 9807 9236 13122 8925 6777 7712 7634 8711 1901 2307 3611 4239 8570 9355 4617 5405 8342 5629 8762 11445 6066 6111 
5265 5996 14095 9243 10166 11367 8131 13027 1620 4249 6832 10812 2015 8700 5445 9836 7682 5789 7326 5879 7452 8836 6232 4884 1762 4535 7826 2790 1094 8986 9333 1978 1364 0 6498 5647 8027 3752 8095 7963 4319 4063 3066 9296 3804 8984 7264 3501 4947 5987 3987 9351 1638 8877 5641 14043 5228 8423 1078 6729 5025 7885 10163 2284 9198 10512 8399 1377 3733 4472 12876 5667 11222 1701 7760 2880 5864 8832 5604 5011 10483 10469 8104 3103 8092 5327 3074 7062 1858 876 2299 3913 10435 12670 12560 1801 12793 10474 7740 9067 13640 6805 6642 4740 4766 6376 4057 3572 3485 2667 4569 4954 1368 6809 1540 4857 11524 4958 1473 4326 7509 7500 8436 5558 8776 6863 4317 5608 9879 9308 13194 8997 6535 7784 8998 8783 537 943 4975 5603 8642 9427 4689 5477 9706 6993 8834 11517 6138 5331 
8819 1794 7597 13043 6498 4869 4331 6529 8118 7063 10632 6056 8513 6706 6297 13636 11482 9589 8524 1109 10288 9706 10032 8684 8260 5237 11626 6926 5886 8950 8713 8476 6426 6498 0 9447 8521 4278 11407 11763 5797 2735 5436 6608 2694 2486 8880 7301 1969 2117 6747 6643 8136 2379 4619 7545 9028 12223 6808 2929 3321 8695 7261 7468 5130 5584 10501 6399 7533 6496 6378 6953 5828 5501 3960 6680 3844 9560 9404 8811 4581 7147 1606 9601 3740 5077 6874 10862 7886 5622 6023 5533 14235 7188 6062 4697 6295 7168 10062 8711 7142 10605 2906 4852 8566 9920 7857 4052 7285 7751 4151 3956 5130 899 7562 8657 5986 2026 7971 8126 3909 3700 12236 4060 4680 10663 8117 8498 3381 6084 6696 5861 1613 6356 12798 8859 6205 6381 8775 9403 6544 3023 1809 3923 13506 10793 9132 5019 6222 1167 
2770 11241 11600 3596 7671 8872 13778 10532 7005 2384 1185 8317 6272 6205 3150 4189 3341 1580 4831 8338 4957 6341 1441 1389 4615 10182 2179 2923 4553 6491 6838 6051 4283 5647 9447 0 5532 5169 5600 3980 3650 9710 8713 6801 9087 8243 4769 2146 7478 7330 2700 6856 4345 7594 4828 11548 1845 4554 4569 12376 10672 5390 7668 3465 6703 8017 5904 4270 1914 2951 10381 3172 8727 3946 13407 2767 11511 6337 689 3316 7988 7974 8439 5598 5707 4370 2573 1415 7505 5301 3424 9560 4788 10175 10065 6890 10298 7979 5245 6572 11145 1158 6541 4595 1447 3881 1796 9219 2162 3748 5296 10601 6335 10346 4107 994 9029 7421 4334 1321 5538 13147 2789 11205 6281 3278 2212 3113 9540 6813 10699 6502 11060 5289 3355 6288 6184 6590 672 442 6147 6932 8192 5524 4059 2142 6339 9022 3643 10394 
2762 10315 6068 4522 2139 6754 12852 5000 9647 3778 6439 2785 10042 1815 2582 5115 2961 3952 701 7412 1767 1185 4091 4143 9789 9256 3805 8455 7415 959 1306 10005 7955 8027 8521 5532 0 4275 2886 3242 3708 8784 7787 1913 8161 7317 763 4820 6552 6404 4040 1878 9665 6668 3902 6016 3687 3702 8337 11450 9746 174 2136 8997 3391 2937 1980 7928 6510 3555 4849 2360 3195 6860 12481 6015 10585 1039 4843 8848 3940 2442 7513 11130 4781 3444 6891 4941 9415 7151 5728 8634 5714 4643 5399 6226 4766 2447 1541 1040 5613 6326 5615 3669 4085 1651 7328 8293 5988 9280 4370 9675 6659 9420 9091 4538 3497 6495 9500 6059 4612 12221 3793 10279 3841 2254 7744 2419 8614 2437 5167 2660 10134 2165 4277 756 7734 7910 5622 5974 1977 5498 7266 4598 4985 3390 807 4106 2299 9468 
4541 6072 10343 8765 6414 7615 8609 9275 5372 2785 6354 7060 5767 4948 2019 9358 7204 5311 4246 3169 6010 5428 5754 4406 5514 5013 7348 4180 3140 5234 5581 5730 3680 3752 4278 5169 4275 0 7129 7485 1519 4541 3544 5544 3918 5232 4602 3023 2309 2235 2469 5599 5390 5125 1889 10291 4750 7945 4062 7207 5503 4417 6411 4722 5446 6760 6223 3653 3255 2218 9124 2675 7470 2585 8238 2402 6342 5282 5126 4573 6731 6717 4352 6855 4340 1575 2616 6584 5140 2876 1745 4391 9957 8918 8808 1951 9041 6722 5784 5315 9888 6327 2890 988 4288 5642 3579 4050 3007 5005 817 5432 2384 5177 4816 4379 7772 2252 5225 3848 3757 7978 7958 6036 5024 6385 3839 4220 6127 5556 9442 5245 5891 4032 8520 5031 3459 3635 4497 5125 4890 5675 3023 1725 9228 6515 5082 7765 2386 5225 
2830 13201 7316 3614 4909 9640 15738 6890 9715 4344 6507 5351 10110 4701 5110 3001 2259 4020 2883 10298 1119 1701 4159 4211 9857 12142 3873 8523 7483 2457 2694 10073 8023 8095 11407 5600 2886 7129 0 1620 5610 11670 10673 4799 11047 10203 2527 4888 9438 9290 4660 4764 9733 9554 6788 6978 3755 1046 8405 14336 12632 2712 4146 9065 6277 5823 906 7996 6578 4911 6377 4454 5579 6928 15367 6083 13471 1847 4911 8916 6826 4260 10399 11198 7667 6330 6959 5009 9483 7261 5796 11520 3114 4575 8285 8850 6628 4239 1345 2696 6869 6394 8501 6555 4153 1719 7396 11179 6056 9348 7256 12561 8295 12306 9159 4606 5421 9381 9568 6127 7498 15107 3861 13165 6727 2322 7812 2909 11500 5323 7961 5546 13020 5051 2245 2548 8144 8550 5690 6042 4863 8384 10152 7484 2099 3458 2275 6992 5185 12354 
2944 13557 7672 1994 5265 9996 16094 7246 9321 4700 4887 5707 8588 5057 5466 1873 639 2400 3239 10654 1475 2361 2539 3079 8237 12498 2253 6903 6869 2813 3050 8453 6599 7963 11763 3980 3242 7485 1620 0 5966 12026 11029 5155 11403 10559 2883 4462 9794 9646 5016 5120 8113 9910 7144 7568 2735 574 6885 14692 12988 3068 4502 7445 6633 6179 1924 6586 4958 5267 6733 4810 5935 6262 15723 5083 13827 2357 3291 7296 7182 4616 10755 9578 8023 6686 5339 3389 9821 7617 5740 11876 2472 6195 8641 9206 6984 4595 1701 3052 7225 4774 8857 6911 3197 1843 5776 11535 4478 7728 7612 12917 8651 12662 7539 3106 5777 9737 7948 4507 7854 15463 2241 13521 7083 1100 6192 3265 11856 5679 8317 5902 13376 5407 1035 2904 8500 8906 4070 4422 5219 8740 10508 7840 1743 1838 2631 7348 5541 12710 
3022 7591 9776 7246 5847 7048 10128 8708 5939 1266 4835 6493 6334 4381 1126 7839 5685 3792 3007 4688 4491 4517 4235 2887 6081 6532 5829 4747 3707 4667 5014 6297 4247 4319 5797 3650 3708 1519 5610 5966 0 6060 5063 4977 5437 4665 3083 1504 3828 3680 950 5032 5957 4558 1322 9724 3231 6426 4629 8726 7022 3566 5844 5289 4879 6193 4704 4220 2802 699 8557 1348 6903 3152 9757 2307 7861 4513 3607 5140 6164 6150 4789 7422 3773 1008 3183 5065 5707 3443 2020 5910 8438 8351 8241 3240 8474 6155 4265 4748 9321 4808 2891 945 2769 4123 3620 5569 2280 5572 1646 6951 2951 6696 5383 2860 7205 3771 5792 2351 3190 9497 6439 7555 4457 4866 4036 2701 5890 4989 8875 4678 7410 3465 7001 4464 4026 4202 2978 3606 4323 5108 4542 1874 7709 4996 4515 7198 1819 6744 
9082 2233 10332 13306 6761 7604 4068 9264 5383 7326 10895 7049 5778 6969 6560 13899 11745 9852 8787 2116 10551 9969 10295 8947 5525 2502 11889 6853 5157 9213 8976 5741 5427 4063 2735 9710 8784 4541 11670 12026 6060 0 2701 6871 623 5221 9143 7564 2232 2380 7010 6906 5401 5114 4882 10280 9291 12486 5141 2666 962 8958 7524 6347 5435 6749 10764 5440 7796 6759 9113 7216 7459 5764 3697 6943 1801 9823 9667 9074 6720 7410 4341 6866 4329 5340 7137 11125 5151 4409 6286 2798 14498 8907 8797 2820 9030 7431 10325 8974 9877 10868 3169 5115 8829 10183 8120 1317 7548 6730 4414 1221 3375 3046 5603 8920 7761 2289 5376 8389 4172 3437 12499 1495 5013 10926 8380 8761 6116 6347 9431 6124 2772 6619 13061 9122 3526 3646 9038 9666 6807 5664 1518 4186 13769 11056 9395 7754 6485 1568 
8085 4934 13033 12309 9104 10305 5065 11965 2682 6329 9898 9750 3077 7638 5563 12902 10748 8855 7790 4817 9554 8972 9298 7950 4098 1469 10892 5856 4160 8216 8271 3040 4430 3066 5436 8713 7787 3544 10673 11029 5063 2701 0 8234 2742 7922 8146 6567 3885 4925 6013 8289 4368 7815 4579 12981 8294 11489 4144 4563 2115 7961 9101 5350 8136 9450 9767 4443 6799 5762 11814 6219 10160 4767 4694 5946 2798 8826 8670 8077 9421 9407 7042 4335 7030 4343 6140 10128 2450 3412 5289 847 13501 11608 11498 1823 11731 9412 9328 8005 12578 9871 5580 4118 7832 9186 7123 1384 6551 5733 3507 1888 2378 5747 4606 7923 10462 3896 4379 7392 6447 5252 11502 2492 7714 9929 7383 7764 8817 8246 12132 7935 5473 6722 12064 8125 2529 2123 8041 8669 7580 8365 3627 4415 12772 10059 8398 10455 5488 4269 
4031 8402 4799 6435 870 4841 10939 3731 10916 5047 7708 1516 11311 596 3851 7028 4874 5221 1970 5499 3680 3098 5360 5412 11058 8035 5074 9724 8684 2342 2105 11274 9224 9296 6608 6801 1913 5544 4799 5155 4977 6871 8234 0 6248 5404 2272 6089 4639 4491 5309 55 10934 4755 3655 4747 4956 5615 9606 9537 7833 2087 867 10266 1478 1216 3893 9197 7779 4824 3580 3629 1926 8129 10568 7284 8672 2952 6112 10117 2027 1173 5600 12399 2868 3969 8160 6210 10684 8420 6997 8331 7627 3374 3486 7495 3497 1178 3454 2103 4344 7595 3702 4556 5354 3312 8597 6850 7257 10549 4727 7762 7928 7507 10360 5807 2228 4582 10769 7328 2699 10308 5628 8366 1928 4055 9013 3688 6701 524 3898 747 8221 1512 6190 2251 9003 9179 6891 7243 654 3585 5353 3819 6898 4659 2524 2221 3158 7555 
8459 2192 10291 12683 6362 7563 4691 9223 5424 6703 10272 7008 5819 6346 5937 13276 11122 9229 8164 2075 9928 9346 9672 8324 5566 2543 11266 6230 4534 8590 8353 5782 4804 3804 2694 9087 8161 3918 11047 11403 5437 623 2742 6248 0 5180 8520 6941 1609 2183 6387 6283 5442 5073 4259 10239 8668 11863 4518 3289 1585 8335 6901 5724 5394 6708 10141 4817 7173 6136 9072 6593 7418 5141 4320 6320 2424 9200 9044 8451 6679 6787 4300 6907 4288 4717 6514 10502 5192 3786 5663 2839 13875 8866 8756 2197 8989 6808 9702 8351 9836 10245 2838 4492 8206 9560 7497 1358 6925 6107 3791 1514 2752 3005 4980 8297 7720 1666 5277 7766 3705 4060 11876 2118 4972 10303 7757 8138 6075 5724 9390 5501 2731 5996 12438 8499 3511 3687 8415 9043 6184 5623 895 3563 13146 10433 8772 7713 5862 1527 
7615 2998 5111 11839 5294 2383 5535 4043 10604 5859 9428 4852 10999 5502 5093 12432 10278 8385 7320 3105 9084 8502 8828 7480 10746 7723 10422 9412 8372 7746 7509 10962 8912 8984 2486 8243 7317 5232 10203 10559 4665 5221 7922 5404 5180 0 7676 6097 4037 2997 5543 5439 10622 649 3415 5059 7824 11019 9294 4133 5807 7491 6057 9954 3926 4380 9297 8885 7467 5292 3892 5749 4624 7817 5164 6972 6330 8356 8200 9805 3377 5943 880 12087 2536 3873 7848 9658 10372 8108 6685 8019 13031 5984 3576 7183 3809 5964 8858 7507 4656 9401 2342 4244 7362 8716 8285 6538 6945 10237 4415 6442 7616 2175 10048 7453 4782 4026 10457 7016 2705 4904 11032 6546 3476 9459 8701 7294 1297 4880 4210 4657 2817 5152 11594 7655 8691 8867 7571 8199 5340 1819 4295 3507 12302 9589 7928 3211 5018 3653 
1999 10674 6831 4163 2902 7113 13211 5763 8884 3015 5676 3548 9279 2174 2583 4756 2602 3189 356 7771 1408 1572 3328 3380 9026 9615 3042 7692 6652 1722 2069 9242 7192 7264 8880 4769 763 4602 2527 2883 3083 9143 8146 2272 8520 7676 0 4057 6911 6763 3277 2237 8902 7027 4261 6779 2924 3343 7574 11809 10105 621 2899 8234 3750 3296 1621 7165 5747 2792 5612 1927 3958 6097 12840 5252 10944 1568 4080 8085 4299 3205 7872 10367 5140 3803 6128 4178 8652 6388 4965 8993 5355 5406 5758 6323 5529 3210 1182 1803 6376 5563 5974 4028 3322 1040 6565 8652 5225 8517 4729 10034 5896 9779 8328 3775 4260 6854 8737 5296 4971 12580 3356 10638 4200 1783 6981 1656 8973 2796 5930 3019 10493 2524 3918 1519 6971 7147 4859 5211 2336 5857 7625 4957 4626 2627 1570 4465 2658 9827 
2058 9095 10888 5742 6959 8160 11632 9820 4859 1042 3331 7605 5222 5493 2238 6335 4181 2288 4119 6192 4245 5629 2731 1383 4969 8036 4325 3635 2595 5779 6126 5185 3135 3501 7301 2146 4820 3023 4888 4462 1504 7564 6567 6089 6941 6097 4057 0 5332 5184 780 6144 4845 5670 2682 10836 1727 4922 3517 10230 8526 4678 6956 4177 5991 7305 5192 3108 1690 1265 9669 2460 8015 2040 11261 1195 9365 5625 2103 4028 7276 7262 6293 6310 4885 2224 2071 3561 5359 3155 1278 7414 6934 9463 9353 4744 9586 7267 4533 5860 10433 3304 4395 2449 1265 3169 2508 7073 1168 4460 3150 8455 4189 8200 4271 1356 8317 5275 4680 1239 4302 11001 4935 9059 5569 3362 2924 2401 7394 6101 9987 5790 8914 4577 5497 5576 4038 4444 1474 2102 5435 6220 6046 3378 6205 3492 5627 8310 2931 8248 
6850 3763 9148 11074 5219 6420 6300 8080 6567 5094 8663 5865 6962 4737 4328 11667 9513 7620 6555 932 8319 7737 8063 6715 6709 3686 9657 5375 4335 6981 6744 6925 4875 4947 1969 7478 6552 2309 9438 9794 3828 2232 3885 4639 1609 4037 6911 5332 0 1040 4778 4674 6585 3930 2650 9096 7059 10254 5257 4898 3194 6726 5292 5917 4251 5565 8532 4848 5564 4527 7929 4984 6275 3780 5929 4711 4033 7591 7435 6842 5536 5522 3157 8050 3145 3108 4905 8893 6335 4071 4054 3982 12266 7723 7613 3146 7846 5527 8093 6742 8693 8636 1695 2883 6597 7951 5888 2501 5316 6200 2182 3123 3579 2868 6011 6688 6577 57 6420 6157 2562 5669 10267 3727 3829 8694 6148 6529 4932 4361 8247 4050 3582 4387 10829 6890 4654 4830 6806 7434 4575 4480 714 1954 11537 8824 7163 6570 4253 2916 
6702 3911 8108 10926 4381 5380 6448 7040 7607 4946 8515 4825 8002 4589 4180 11519 9365 7472 6407 1008 8171 7589 7915 6567 7749 4726 9509 6415 5375 6833 6596 7965 5915 5987 2117 7330 6404 2235 9290 9646 3680 2380 4925 4491 2183 2997 6763 5184 1040 0 4630 4526 7625 2890 2502 8056 6911 10106 6297 5046 3342 6578 5144 6957 3211 4525 8384 5888 5416 4379 6889 4836 5235 4820 6077 4563 4181 7443 7287 6808 4496 5030 2117 9090 2105 2960 4851 8745 7375 5111 3906 5022 12118 6683 6573 4186 6806 5051 7945 6594 7653 8488 789 2735 6449 7803 5740 3541 5168 7240 2034 3445 4619 3016 7051 6540 5537 1029 7460 6009 1792 5817 10119 3875 2789 8546 6000 6381 3892 3967 7207 3744 3730 4239 10681 6742 5694 5870 6658 7286 4427 3440 1298 1806 11389 8676 7015 5530 4105 3064 
2072 8541 10108 6296 6179 7380 11078 9040 5607 316 3885 6825 6002 4713 1458 6889 4735 2842 3339 5638 3541 4849 3285 1937 5749 7482 4879 4415 3375 4999 5346 5965 3915 3987 6747 2700 4040 2469 4660 5016 950 7010 6013 5309 6387 5543 3277 780 4778 4630 0 5364 5625 4894 2128 10056 2281 5476 4297 9676 7972 3898 6176 4957 5211 6525 4412 3888 2470 485 8889 1680 7235 2820 10707 1975 8811 4845 2657 4808 6496 6482 5739 7090 4105 1670 2851 4115 5375 3111 1688 6860 7488 8683 8573 4190 8806 6487 3753 5080 9653 3858 3841 1895 1819 3173 3288 6519 1948 5240 2596 7901 3635 7646 5051 1910 7537 4721 5460 2019 3522 10447 5489 8505 4789 3916 3704 1751 6840 5321 9207 5010 8360 3797 6051 4796 3694 3890 2028 2656 4655 5440 5492 2824 6759 4046 4847 7530 2151 7694 
4086 8437 4744 6400 815 4876 10974 3676 10971 5102 7763 1461 11366 651 3906 6993 4839 5276 2025 5534 3645 3063 5415 5467 11113 8090 5129 9779 8739 2307 2070 11329 9279 9351 6643 6856 1878 5599 4764 5120 5032 6906 8289 55 6283 5439 2237 6144 4674 4526 5364 0 10989 4790 3710 4692 5011 5580 9661 9572 7868 2052 812 10321 1513 1161 3858 9252 7834 4879 3525 3684 1871 8184 10603 7339 8707 2917 6167 10172 2062 1118 5635 12454 2903 4024 8215 6265 10739 8475 7052 8386 7592 3319 3521 7550 3442 1123 3419 2068 4289 7650 3737 4611 5409 3277 8652 6905 7312 10604 4782 7797 7983 7542 10415 5862 2173 4617 10824 7383 2734 10343 5593 8401 1963 4020 9068 3743 6736 559 3843 782 8256 1567 6155 2216 9058 9234 6946 7298 709 3620 5388 3874 6863 4714 2489 2228 3213 7590 
