0 9988 9173 8981 8408 3821 7827 14012 5410 12325 15048 8930 12563 4905 9928 9841 5606 4165 13340 14142 
9988 0 815 3001 5210 8585 2445 8844 4578 8969 9880 7542 2575 10219 9456 4857 4382 7213 8172 8974 
9173 815 0 2564 4395 8148 2008 9281 3763 8154 10317 6727 3390 9404 8641 5110 3567 6776 8609 9411 
8981 3001 2564 0 6241 5584 1154 11845 3571 10158 12881 6763 3582 9212 8449 7674 3375 4816 11173 11975 
8408 5210 4395 6241 0 11825 5685 5604 6358 3917 6640 2332 7785 5009 4246 1433 3356 10453 4932 5734 
3821 8585 8148 5584 11825 0 6140 17429 5467 15742 18465 12347 8972 8322 13345 13258 8469 1372 16757 17559 
7827 2445 2008 1154 5685 6140 0 11289 2417 9602 12325 6207 4736 8058 7295 7118 2329 4768 10617 11419 
14012 8844 9281 11845 5604 17429 11289 0 11962 1687 1844 5082 10929 9107 4084 4171 8960 16057 3794 172 
5410 4578 3763 3571 6358 5467 2417 11962 0 10275 12998 6880 7153 5641 7878 7791 3002 4095 11290 12092 
12325 8969 8154 10158 3917 15742 9602 1687 10275 0 2723 3395 11544 7420 2397 4112 7273 14370 4409 1817 
15048 9880 10317 12881 6640 18465 12325 1844 12998 2723 0 6118 9493 10143 5120 5207 9996 17093 1950 2016 
8930 7542 6727 6763 2332 12347 6207 5082 6880 3395 6118 0 10117 4025 1914 2685 3878 10975 4410 5212 
12563 2575 3390 3582 7785 8972 4736 10929 7153 11544 9493 10117 0 12794 12031 7432 6957 8398 7785 11101 
4905 10219 9404 9212 5009 8322 8058 9107 5641 7420 10143 4025 12794 0 5023 5362 5837 6950 8435 9237 
9928 9456 8641 8449 4246 13345 7295 4084 7878 2397 5120 1914 12031 5023 0 4599 5074 11973 4896 4214 
9841 4857 5110 7674 1433 13258 7118 4171 7791 4112 5207 2685 7432 5362 4599 0 4789 11886 3499 4301 
5606 4382 3567 3375 3356 8469 2329 8960 3002 7273 9996 3878 6957 5837 5074 4789 0 7097 8288 9090 
4165 7213 6776 4816 10453 1372 4768 16057 4095 14370 17093 10975 8398 6950 11973 11886 7097 0 15385 16187 
13340 8172 8609 11173 4932 16757 10617 3794 11290 4409 1950 4410 7785 8435 4896 3499 8288 15385 0 3966 
14142 8974 9411 11975 5734 17559 11419 172 12092 1817 2016 5212 11101 9237 4214 4301 9090 16187 3966 0 

0 5601 3505 5392 3449 5436 1929 3668 1948 5260 1669 13128 7781 7639 1772 1959 1918 1031 7837 3793 
5601 0 4736 10993 5976 2663 4818 9269 6131 10861 4062 10601 5254 2038 4505 4486 3977 4570 2236 9394 
3505 4736 0 8897 2104 7399 4138 7173 4157 8765 1836 15337 9990 5552 3981 1558 1587 2474 4522 7298 
5392 10993 8897 0 6793 10828 6175 1724 4862 3412 7061 12180 10699 13031 6488 7339 7310 6423 13229 1599 
3449 5976 2104 6793 0 8639 5378 5069 5397 7809 1914 16577 11230 6792 5221 1490 1999 3284 6436 5194 
5436 2663 7399 10828 8639 0 4653 9104 5966 10696 6725 7938 2591 2203 4340 7149 6640 5355 2877 9229 
1929 4818 4138 6175 5378 4653 0 4451 1313 6043 3464 11199 5852 6856 313 3888 3379 2094 7054 4576 
3668 9269 7173 1724 5069 9104 4451 0 3138 4832 5337 13600 8975 11307 4764 5615 5586 4699 11505 1935 
1948 6131 4157 4862 5397 5966 1313 3138 0 4730 3483 11180 5837 8169 1626 3907 3398 2113 8367 3263 
5260 10861 8765 3412 7809 10696 6043 4832 4730 0 6929 8768 10567 12899 6356 7207 7178 6291 13097 2897 
1669 4062 1836 7061 1914 6725 3464 5337 3483 6929 0 14663 9316 5970 3307 424 249 1370 6168 5462 
13128 10601 15337 12180 16577 7938 11199 13600 11180 8768 14663 0 5785 9785 11356 15087 14578 13293 10815 11665 
7781 5254 9990 10699 11230 2591 5852 8975 5837 10567 9316 5785 0 4438 6009 9740 9231 7946 5468 9100 
7639 2038 5552 13031 6792 2203 6856 11307 8169 12899 5970 9785 4438 0 6543 5692 5721 6608 1030 11432 
1772 4505 3981 6488 5221 4340 313 4764 1626 6356 3307 11356 6009 6543 0 3731 3222 1937 6741 4889 
1959 4486 1558 7339 1490 7149 3888 5615 3907 7207 424 15087 9740 5692 3731 0 509 1794 5890 5740 
1918 3977 1587 7310 1999 6640 3379 5586 3398 7178 249 14578 9231 5721 3222 509 0 1285 5919 5711 
1031 4570 2474 6423 3284 5355 2094 4699 2113 6291 1370 13293 7946 6608 1937 1794 1285 0 6806 4824 
7837 2236 4522 13229 6436 2877 7054 11505 8367 13097 6168 10815 5468 1030 6741 5890 5919 6806 0 11630 
3793 9394 7298 1599 5194 9229 4576 1935 3263 2897 5462 11665 9100 11432 4889 5740 5711 4824 11630 0 

0 3912 3429 7155 7694 9623 2478 8264 13064 4499 8702 9186 5695 7019 4412 6542 9055 8074 11720 4445 
3912 0 627 11067 10850 13535 1434 8160 16976 8411 12614 7670 8335 10931 2896 9072 12967 11986 15632 567 
3429 627 0 10584 10367 13052 1069 7677 16493 7928 12131 8297 7852 10448 3523 8589 12484 11503 15149 1016 
7155 11067 10584 0 12291 4390 9633 12861 5909 6254 7703 13783 10292 10422 9009 11139 7950 919 4565 11600 
7694 10850 10367 12291 0 7901 9416 2690 6812 6037 4588 4908 2515 1869 8520 1778 4341 11410 8032 11383 
9623 13535 13052 4390 7901 0 12101 8471 3441 5124 3313 9393 5902 6032 11205 6749 3560 3509 2097 14068 
2478 1434 1069 9633 9416 12101 0 6726 15542 6977 11180 7228 6901 9497 2454 7638 11533 10552 14198 1967 
8264 8160 7677 12861 2690 8471 6726 0 8816 6607 5158 2218 2569 2771 5830 1722 4911 11980 8602 8693 
13064 16976 16493 5909 6812 3441 15542 8816 0 8565 4362 11034 8641 6045 14646 7904 4009 4990 1344 17509 
4499 8411 7928 6254 6037 5124 6977 6607 8565 0 4203 7529 4038 4168 6081 4885 4556 5373 7221 8944 
8702 12614 12131 7703 4588 3313 11180 5158 4362 4203 0 6672 4279 2719 10284 3542 353 6822 3444 13147 
9186 7670 8297 13783 4908 9393 7228 2218 11034 7529 6672 0 3491 4989 4774 3130 7025 12902 9690 8237 
5695 8335 7852 10292 2515 5902 6901 2569 8641 4038 4279 3491 0 2596 6005 847 4632 9411 7297 8868 
7019 10931 10448 10422 1869 6032 9497 2771 6045 4168 2719 4989 2596 0 8601 1859 2472 9541 6163 11464 
4412 2896 3523 9009 8520 11205 2454 5830 14646 6081 10284 4774 6005 8601 0 6742 10637 9656 13302 3463 
6542 9072 8589 11139 1778 6749 7638 1722 7904 4885 3542 3130 847 1859 6742 0 3895 10258 6880 9605 
9055 12967 12484 7950 4341 3560 11533 4911 4009 4556 353 7025 4632 2472 10637 3895 0 7069 3691 13500 
8074 11986 11503 919 11410 3509 10552 11980 4990 5373 6822 12902 9411 9541 9656 10258 7069 0 3646 12519 
11720 15632 15149 4565 8032 2097 14198 8602 1344 7221 3444 9690 7297 6163 13302 6880 3691 3646 0 16165 
4445 567 1016 11600 11383 14068 1967 8693 17509 8944 13147 8237 8868 11464 3463 9605 13500 12519 16165 0 

0 3732 5410 7609 4791 8605 4360 6232 5311 4407 4328 9779 8977 4669 517 7817 3565 3414 3268 6347 
3732 0 4300 8123 5895 4873 1460 5718 9043 2595 8060 6047 5245 4155 3685 8331 595 3928 3886 5677 
5410 4300 0 3823 7573 4271 2840 10018 10721 6895 9738 4369 3567 8455 5363 4031 4895 2716 5564 1377 
7609 8123 3823 0 6222 8094 6663 13841 9370 10718 8387 6024 4918 12278 7092 956 8718 4195 4341 2446 
4791 5895 7573 6222 0 10768 6523 11023 3148 7900 4159 11942 11140 9460 4274 5266 5900 4857 2009 8510 
8605 4873 4271 8094 10768 0 4245 6287 13916 4198 12933 2070 3732 7262 8558 8302 5040 5911 8759 5648 
4360 1460 2840 6663 6523 4245 0 7178 9671 4055 8688 5419 4617 5615 4313 6871 2055 2468 4514 4217 
6232 5718 10018 13841 11023 6287 7178 0 8443 3123 6864 7817 9479 1563 6749 14049 5123 9646 9500 11395 
5311 9043 10721 9370 3148 13916 9671 8443 0 9718 1579 15090 14288 6880 5358 8414 8876 8005 5157 11658 
4407 2595 6895 10718 7900 4198 4055 3123 9718 0 8735 5372 6356 3064 4360 10926 2000 6523 6377 8272 
4328 8060 9738 8387 4159 12933 8688 6864 1579 8735 0 14107 13305 5671 4375 7431 7893 7022 4174 10675 
9779 6047 4369 6024 11942 2070 5419 7817 15090 5372 14107 0 1662 8436 9732 6676 6214 7085 9933 3578 
8977 5245 3567 4918 11140 3732 4617 9479 14288 6356 13305 1662 0 7916 8930 5874 5412 6283 9131 2630 
4669 4155 8455 12278 9460 7262 5615 1563 6880 3064 5671 8436 7916 0 5186 12486 3560 8083 7937 9832 
517 3685 5363 7092 4274 8558 4313 6749 5358 4360 4375 9732 8930 5186 0 7300 3518 2897 2751 6300 
7817 8331 4031 956 5266 8302 6871 14049 8414 10926 7431 6676 5874 12486 7300 0 8926 4403 4549 3244 
3565 595 4895 8718 5900 5040 2055 5123 8876 2000 7893 6214 5412 3560 3518 8926 0 4523 4377 6272 
3414 3928 2716 4195 4857 5911 2468 9646 8005 6523 7022 7085 6283 8083 2897 4403 4523 0 2848 3653 
3268 3886 5564 4341 2009 8759 4514 9500 5157 6377 4174 9933 9131 7937 2751 4549 4377 2848 0 6501 
6347 5677 1377 2446 8510 5648 4217 11395 11658 8272 10675 3578 2630 9832 6300 3244 6272 3653 6501 0 

0 2738 7632 9243 3692 10927 8728 7282 5230 5504 5251 2217 4288 2998 4557 8437 7856 4113 9995 4245 
2738 0 4894 8291 2510 8189 8498 7052 5000 4064 5021 1987 5194 3228 1819 5699 5118 4343 9765 4015 
7632 4894 0 7055 3940 5631 8158 5816 9072 2828 6737 5475 10088 5116 3075 805 3370 5579 8529 7465 
9243 8291 7055 0 5781 1684 9769 4435 10683 4227 8348 7086 11699 11519 8914 7136 3685 12634 5340 9076 
3692 2510 3940 5781 0 7235 5988 4542 5132 1812 2797 1535 6148 5738 3133 4745 4164 6853 7255 3525 
10927 8189 5631 1684 7235 0 11453 6119 12367 5423 10032 8770 13383 10095 7490 5712 3071 11210 7024 10760 
8728 8498 8158 9769 5988 11453 0 5334 3498 6030 3477 6511 4440 11726 9121 8963 8382 12841 4429 4483 
7282 7052 5816 4435 4542 6119 5334 0 6248 2988 3913 5065 7264 10280 7675 5897 3048 11395 2713 4641 
5230 5000 9072 10683 5132 12367 3498 6248 0 6944 2335 3597 1016 8228 5997 9877 9296 9343 5343 1607 
5504 4064 2828 4227 1812 5423 6030 2988 6944 0 4609 3347 7960 7292 4687 2933 2352 8407 5701 5337 
5251 5021 6737 8348 2797 10032 3477 3913 2335 4609 0 3034 3351 8249 5644 7542 6961 9364 4744 1006 
2217 1987 5475 7086 1535 8770 6511 5065 3597 3347 3034 0 4613 5215 2610 6280 5699 6330 7778 2028 
4288 5194 10088 11699 6148 13383 4440 7264 1016 7960 3351 4613 0 7286 7013 10893 10312 8401 6359 2623 
2998 3228 5116 11519 5738 10095 11726 10280 8228 7292 8249 5215 7286 0 2605 5921 7834 1115 12993 7243 
4557 1819 3075 8914 3133 7490 9121 7675 5997 4687 5644 2610 7013 2605 0 3880 5229 3720 10388 4638 
8437 5699 805 7136 4745 5712 8963 5897 9877 2933 7542 6280 10893 5921 3880 0 3451 5498 8610 8270 
7856 5118 3370 3685 4164 3071 8382 3048 9296 2352 6961 5699 10312 7834 5229 3451 0 8949 5159 7689 
4113 4343 5579 12634 6853 11210 12841 11395 9343 8407 9364 6330 8401 1115 3720 5498 8949 0 14108 8358 
9995 9765 8529 5340 7255 7024 4429 2713 5343 5701 4744 7778 6359 12993 10388 8610 5159 14108 0 5750 
4245 4015 7465 9076 3525 10760 4483 4641 1607 5337 1006 2028 2623 7243 4638 8270 7689 8358 5750 0 

0 2246 10816 1272 1376 2689 1134 2615 8744 10397 4298 12965 6001 1744 12843 8562 3517 9785 7780 5970 
2246 0 9492 3518 3622 4373 1112 4169 6498 11951 2052 14519 6115 3298 14397 10116 5071 11339 5756 3724 
10816 9492 0 12088 12192 12943 9682 10037 4302 3247 11100 7147 4815 9320 4953 5070 7845 9973 3736 9438 
1272 3518 12088 0 112 1597 2406 2051 10016 9305 5570 11873 7273 2768 11751 7470 4243 8693 9052 7242 
1376 3622 12192 112 0 1709 2510 2155 10120 9417 5674 11985 7377 2872 11863 7582 4347 8805 9156 7346 
2689 4373 12943 1597 1709 0 3409 2906 10871 9696 6425 10276 8128 3623 10154 7873 5098 7096 9907 8097 
1134 1112 9682 2406 2510 3409 0 3335 7610 11117 3164 13685 5281 2464 13563 9282 4237 10505 6646 4836 
2615 4169 10037 2051 2155 2906 3335 0 7965 7782 5777 10350 5222 871 10228 5947 2192 7170 7001 5191 
8744 6498 4302 10016 10120 10871 7610 7965 0 6761 6798 9329 2743 7248 9207 4926 5773 7901 964 5136 
10397 11951 3247 9305 9417 9696 11117 7782 6761 0 13559 3900 5836 8653 2446 1835 6880 6726 6195 11897 
4298 2052 11100 5570 5674 6425 3164 5777 6798 13559 0 16127 7723 4906 16005 11724 6679 12947 7364 1672 
12965 14519 7147 11873 11985 10276 13685 10350 9329 3900 16127 0 8404 11221 2194 4403 9448 3180 8763 14465 
6001 6115 4815 7273 7377 8128 5281 5222 2743 5836 7723 8404 0 4505 8282 4001 3030 5224 1779 6061 
1744 3298 9320 2768 2872 3623 2464 871 7248 8653 4906 11221 4505 0 11099 6818 1773 8041 6284 4474 
12843 14397 4953 11751 11863 10154 13563 10228 9207 2446 16005 2194 8282 11099 0 4281 9326 5020 8641 14343 
8562 10116 5070 7470 7582 7873 9282 5947 4926 1835 11724 4403 4001 6818 4281 0 5045 4903 4360 10062 
3517 5071 7845 4243 4347 5098 4237 2192 5773 6880 6679 9448 3030 1773 9326 5045 0 6268 4809 5017 
9785 11339 9973 8693 8805 7096 10505 7170 7901 6726 12947 3180 5224 8041 5020 4903 6268 0 6937 11285 
7780 5756 3736 9052 9156 9907 6646 7001 964 6195 7364 8763 1779 6284 8641 4360 4809 6937 0 5702 
5970 3724 9438 7242 7346 8097 4836 5191 5136 11897 1672 14465 6061 4474 14343 10062 5017 11285 5702 0 

0 6214 4222 4260 4402 3517 3120 5402 2046 3382 4341 8137 5284 6433 5410 3462 3854 2687 5184 4777 
6214 0 7772 10474 6726 4343 7564 2668 5432 7072 4737 1923 10656 12647 11624 9676 10068 8901 1030 8837 
4222 7772 0 6038 1046 4221 1102 7716 6268 840 8563 9695 9506 5609 3852 7430 2846 3075 6742 1065 
4260 10474 6038 0 6218 6923 4936 9662 5042 5198 5737 12397 3468 2173 3888 1392 3192 2963 9444 6593 
4402 6726 1046 6218 0 3175 1282 7896 6448 1020 8743 8649 9686 5921 4898 7610 3342 3255 5696 2111 
3517 4343 4221 6923 3175 0 4013 7011 5563 3521 7858 5474 8801 9096 8073 6725 6517 5350 3761 5286 
3120 7564 1102 4936 1282 4013 0 6752 5166 492 7461 9487 8404 5083 4060 6328 2504 1973 6534 1657 
5402 2668 7716 9662 7896 7011 6752 0 4620 6876 3925 2735 9844 11835 10812 8864 9256 8089 3250 8271 
2046 5432 6268 5042 6448 5563 5166 4620 0 5428 2295 7355 5224 7215 6192 4244 4636 3469 4402 6823 
3382 7072 840 5198 1020 3521 492 6876 5428 0 7723 8995 8666 5575 4552 6590 2996 2235 6042 1765 
4341 4737 8563 5737 8743 7858 7461 3925 2295 7723 0 6660 5919 7910 6887 4939 5717 5488 4097 9118 
8137 1923 9695 12397 8649 5474 9487 2735 7355 8995 6660 0 12579 14570 13547 11599 11991 10824 2953 10760 
5284 10656 9506 3468 9686 8801 8404 9844 5224 8666 5919 12579 0 3897 7356 2076 6660 6431 9626 10061 
6433 12647 5609 2173 5921 9096 5083 11835 7215 5575 7910 14570 3897 0 3459 2971 2763 3746 11617 6164 
5410 11624 3852 3888 4898 8073 4060 10812 6192 4552 6887 13547 7356 3459 0 5280 1556 2723 10594 2787 
3462 9676 7430 1392 7610 6725 6328 8864 4244 6590 4939 11599 2076 2971 5280 0 4584 4355 8646 7985 
3854 10068 2846 3192 3342 6517 2504 9256 4636 2996 5717 11991 6660 2763 1556 4584 0 1167 9038 3401 
2687 8901 3075 2963 3255 5350 1973 8089 3469 2235 5488 10824 6431 3746 2723 4355 1167 0 7871 3630 
5184 1030 6742 9444 5696 3761 6534 3250 4402 6042 4097 2953 9626 11617 10594 8646 9038 7871 0 7807 
4777 8837 1065 6593 2111 5286 1657 8271 6823 1765 9118 10760 10061 6164 2787 7985 3401 3630 7807 0 

0 9320 11951 10602 9544 7122 11322 3547 3544 2777 2651 2402 10407 4192 1510 2391 2217 4207 12756 11469 
9320 0 2959 2570 2508 8146 12346 8749 5776 6543 10239 7382 11431 13512 8598 8037 9521 5113 3436 2149 
11951 2959 0 1349 2407 6861 9387 11380 8407 9174 12870 10013 8472 16143 11229 10668 12152 7744 1453 1104 
10602 2570 1349 0 1058 5576 9776 10031 7058 7825 11521 8664 8861 14794 9880 9319 10803 6395 2154 867 
9544 2508 2407 1058 0 5638 9838 8973 6000 6767 10463 7606 8923 13736 8822 8261 9745 5337 3212 1925 
7122 8146 6861 5576 5638 0 4200 4519 8622 7725 6009 9524 3285 9282 8632 9513 5291 4543 7666 6379 
11322 12346 9387 9776 9838 4200 0 7775 12822 11925 8671 13724 915 9636 12832 13713 9105 8743 10840 10491 
3547 8749 11380 10031 8973 4519 7775 0 5047 4150 1490 5949 6860 4763 5057 5938 1330 3636 12185 10898 
3544 5776 8407 7058 6000 8622 12822 5047 0 897 4463 1606 11907 7736 2822 2261 3745 4079 9212 7925 
2777 6543 9174 7825 6767 7725 11925 4150 897 0 3696 1799 11010 6969 2055 1788 2978 3182 9979 8692 
2651 10239 12870 11521 10463 6009 8671 1490 4463 3696 0 5053 7756 3273 4161 5042 718 5126 13675 12388 
2402 7382 10013 8664 7606 9524 13724 5949 1606 1799 5053 0 12809 6130 1216 655 4619 4981 10818 9531 
10407 11431 8472 8861 8923 3285 915 6860 11907 11010 7756 12809 0 8721 11917 12798 8190 7828 9925 9576 
4192 13512 16143 14794 13736 9282 9636 4763 7736 6969 3273 6130 8721 0 4914 5475 3991 8399 16948 15661 
1510 8598 11229 9880 8822 8632 12832 5057 2822 2055 4161 1216 11917 4914 0 881 3727 4089 12034 10747 
2391 8037 10668 9319 8261 9513 13713 5938 2261 1788 5042 655 12798 5475 881 0 4608 4970 11473 10186 
2217 9521 12152 10803 9745 5291 9105 1330 3745 2978 718 4619 8190 3991 3727 4608 0 4408 12957 11670 
4207 5113 7744 6395 5337 4543 8743 3636 4079 3182 5126 4981 7828 8399 4089 4970 4408 0 8549 7262 
12756 3436 1453 2154 3212 7666 10840 12185 9212 9979 13675 10818 9925 16948 12034 11473 12957 8549 0 1287 
11469 2149 1104 867 1925 6379 10491 10898 7925 8692 12388 9531 9576 15661 10747 10186 11670 7262 1287 0 

0 7723 8016 3981 3841 8506 10161 13677 5667 5115 8274 5689 5804 5393 5326 1740 8269 10062 6331 5219 
7723 0 3347 10564 4336 5915 2438 11086 2056 8406 10183 13108 10261 2330 2397 9463 3674 7471 1392 2504 
8016 3347 0 10857 4629 4762 2145 7739 4013 8699 10476 13401 10554 4693 3992 9756 327 4124 2359 2797 
3981 10564 10857 0 6228 6095 13002 9696 8508 2158 4293 2544 1823 8234 8167 2437 11110 9589 9172 8060 
3841 4336 4629 6228 0 4665 6774 9836 2280 4070 5847 8772 5925 2596 1939 5127 4882 6221 2944 1832 
8506 5915 4762 6095 4665 0 6907 5171 6581 3937 5714 8639 5792 7261 6560 6962 5015 3494 4927 3867 
10161 2438 2145 13002 6774 6907 0 8758 4494 10844 12621 15546 12699 4768 4835 11901 1892 5143 3830 4942 
13677 11086 7739 9696 9836 5171 8758 0 11752 8562 7731 10656 7873 12432 11731 12133 7412 3615 10098 9038 
5667 2056 4013 8508 2280 6581 4494 11752 0 6350 8127 11052 8205 680 341 7407 4340 8137 1654 2714 
5115 8406 8699 2158 4070 3937 10844 8562 6350 0 3159 4702 1855 6076 6009 3571 8952 7431 7014 5902 
8274 10183 10476 4293 5847 5714 12621 7731 8127 3159 0 2925 2470 7853 7786 6730 10729 9208 8791 7679 
5689 13108 13401 2544 8772 8639 15546 10656 11052 4702 2925 0 2847 10778 10711 4145 13654 12133 11716 10604 
5804 10261 10554 1823 5925 5792 12699 7873 8205 1855 2470 2847 0 7931 7864 4260 10807 9286 8869 7757 
5393 2330 4693 8234 2596 7261 4768 12432 680 6076 7853 10778 7931 0 701 7133 5020 8817 2334 3394 
5326 2397 3992 8167 1939 6560 4835 11731 341 6009 7786 10711 7864 701 0 7066 4319 8116 1633 2693 
1740 9463 9756 2437 5127 6962 11901 12133 7407 3571 6730 4145 4260 7133 7066 0 10009 8518 8071 6959 
8269 3674 327 11110 4882 5015 1892 7412 4340 8952 10729 13654 10807 5020 4319 10009 0 3797 2686 3050 
10062 7471 4124 9589 6221 3494 5143 3615 8137 7431 9208 12133 9286 8817 8116 8518 3797 0 6483 5423 
6331 1392 2359 9172 2944 4927 3830 10098 1654 7014 8791 11716 8869 2334 1633 8071 2686 6483 0 1112 
5219 2504 2797 8060 1832 3867 4942 9038 2714 5902 7679 10604 7757 3394 2693 6959 3050 5423 1112 0 

0 4112 5196 7913 1580 11097 8182 4565 1152 4169 4575 10915 8654 2944 11055 6133 4737 11694 5592 1765 
4112 0 1714 11187 5692 6985 11664 1501 4634 3785 5285 6803 12136 3836 6943 2651 1243 7582 3218 3787 
5196 1714 0 12901 5984 7627 13378 859 6348 5499 6999 7445 13850 3194 8397 2663 1267 8224 4932 3431 
7913 11187 12901 0 9493 6872 3705 12270 7435 7402 5902 6042 4475 10649 4504 13838 12430 7483 7969 9470 
1580 5692 5984 9493 0 12677 7394 5353 2058 5749 6155 12495 7866 3732 12635 7713 6317 13274 7172 2553 
11097 6985 7627 6872 12677 0 7349 8486 10619 6928 6522 830 7821 10821 2368 6966 6360 611 5505 10772 
8182 11664 13378 3705 7394 7349 0 12747 7030 7879 6379 6707 770 11126 6847 14315 12907 7960 8446 9947 
4565 1501 859 12270 5353 8486 12747 0 5717 4868 6368 8304 13219 2335 8444 3522 2126 9083 4301 2800 
1152 4634 6348 7435 2058 10619 7030 5717 0 3691 4097 10437 7502 4096 10577 7285 5877 11216 5114 2917 
4169 3785 5499 7402 5749 6928 7879 4868 3691 0 1500 6746 8351 3893 6886 6436 5028 7525 1423 3844 
4575 5285 6999 5902 6155 6522 6379 6368 4097 1500 0 6340 6851 4747 6480 7936 6528 7119 2067 4250 
10915 6803 7445 6042 12495 830 6707 8304 10437 6746 6340 0 7477 10639 1538 7796 6388 1441 5323 10590 
8654 12136 13850 4475 7866 7821 770 13219 7502 8351 6851 7477 0 11598 7617 14787 13379 8432 8918 10419 
2944 3836 3194 10649 3732 10821 11126 2335 4096 3893 4747 10639 11598 0 10779 5857 4461 11418 5316 1179 
11055 6943 8397 4504 12635 2368 6847 8444 10577 6886 6480 1538 7617 10779 0 9334 7926 2979 5463 10730 
6133 2651 2663 13838 7713 6966 14315 3522 7285 6436 7936 7796 14787 5857 9334 0 1408 6355 5869 5808 
4737 1243 1267 12430 6317 6360 12907 2126 5877 5028 6528 6388 13379 4461 7926 1408 0 6957 4461 4412 
11694 7582 8224 7483 13274 611 7960 9083 11216 7525 7119 1441 8432 11418 2979 6355 6957 0 6102 11369 
5592 3218 4932 7969 7172 5505 8446 4301 5114 1423 2067 5323 8918 5316 5463 5869 4461 6102 0 5267 
1765 3787 3431 9470 2553 10772 9947 2800 2917 3844 4250 10590 10419 1179 10730 5808 4412 11369 5267 0 

0 10331 4787 7851 2754 9042 3281 6548 5836 4955 13190 4157 8475 2631 6259 13459 3173 6324 4721 4389 
10331 0 6684 2480 7577 3655 10558 4731 4495 5376 3885 6318 8730 7700 5506 3768 11484 6049 9634 7374 
4787 6684 0 4204 4731 5395 8068 2901 7547 9388 9543 8944 12938 6102 2612 9812 7960 1537 9508 690 
7851 2480 4204 0 5097 2131 8078 3207 4863 6704 5409 6260 10254 5220 3982 5608 9004 4221 7154 4894 
2754 7577 4731 5097 0 6288 3337 5254 3082 4657 10436 4213 8207 1371 6029 10705 3907 6268 4777 4333 
9042 3655 5395 2131 6288 0 9269 2494 6994 8835 7540 8391 12385 6411 2783 7423 10195 4760 8955 6085 
3281 10558 8068 8078 3337 9269 0 8591 6063 5182 13417 4240 8702 2858 9366 13686 926 9605 1440 7670 
6548 4731 2901 3207 5254 2494 8591 0 8070 9911 8616 9467 13461 6625 775 8499 8483 2266 10031 3591 
5836 4495 7547 4863 3082 6994 6063 8070 0 1841 7354 1823 5391 3205 8845 7623 6989 9084 5139 7149 
4955 5376 9388 6704 4657 8835 5182 9911 1841 0 8235 942 3550 3286 10686 8504 6108 10925 4258 8990 
13190 3885 9543 5409 10436 7540 13417 8616 7354 8235 0 9177 4845 10559 9391 269 14343 9630 12493 10233 
4157 6318 8944 6260 4213 8391 4240 9467 1823 942 9177 0 4462 2842 10242 9446 5166 10481 3316 8546 
8475 8730 12938 10254 8207 12385 8702 13461 5391 3550 4845 4462 0 6836 14236 4984 9628 14475 7778 12540 
2631 7700 6102 5220 1371 6411 2858 6625 3205 3286 10559 2842 6836 0 7400 10828 3784 7639 3406 5704 
6259 5506 2612 3982 6029 2783 9366 775 8845 10686 9391 10242 14236 7400 0 9274 9258 1977 10806 3302 
13459 3768 9812 5608 10705 7423 13686 8499 7623 8504 269 9446 4984 10828 9274 0 14612 9513 12762 10502 
3173 11484 7960 9004 3907 10195 926 8483 6989 6108 14343 5166 9628 3784 9258 14612 0 9497 1850 7562 
6324 6049 1537 4221 6268 4760 9605 2266 9084 10925 9630 10481 14475 7639 1977 9513 9497 0 11045 1935 
4721 9634 9508 7154 4777 8955 1440 10031 5139 4258 12493 3316 7778 3406 10806 12762 1850 11045 0 9110 
4389 7374 690 4894 4333 6085 7670 3591 7149 8990 10233 8546 12540 5704 3302 10502 7562 1935 9110 0 

0 1951 2582 10528 8648 7656 8155 5437 15011 9072 3374 10481 8745 5256 10968 11793 1497 13544 6282 15540 
1951 0 637 9481 7241 9607 9062 4390 13964 8025 2327 9434 7698 4867 9921 10746 846 12497 4969 14493 
2582 637 0 8844 6604 10238 9693 4669 13327 7388 1690 8797 7061 5498 9284 10109 1483 11860 4332 13856 
10528 9481 8844 0 14858 2942 2373 5091 9971 5140 7730 14113 7261 5272 772 2439 10327 5142 12492 5012 
8648 7241 6604 14858 0 16304 15759 10735 6723 9718 7128 2193 7597 11564 14086 12419 8087 9716 2366 10696 
7656 9607 10238 2942 16304 0 569 5569 11417 6586 9176 15559 8707 4740 3382 4207 9153 6588 13938 7954 
8155 9062 9693 2373 15759 569 0 5024 10872 6041 8631 15014 8162 4195 2813 3638 8608 6043 13393 7385 
5437 4390 4669 5091 10735 5569 5024 0 9574 3635 3607 9990 3308 829 5531 6356 5236 8107 8369 10103 
15011 13964 13327 9971 6723 11417 10872 9574 0 5939 11637 4530 6266 9755 9199 7532 14810 4829 8995 5809 
9072 8025 7388 5140 9718 6586 6041 3635 5939 0 5698 8973 2121 3816 4368 2721 8871 4472 7352 6468 
3374 2327 1690 7730 7128 9176 8631 3607 11637 5698 0 7107 5371 4436 7594 8419 3173 10170 4762 12166 
10481 9434 8797 14113 2193 15559 15014 9990 4530 8973 7107 0 6852 10819 13341 11674 10280 8971 4465 9951 
8745 7698 7061 7261 7597 8707 8162 3308 6266 2121 5371 6852 0 3967 6489 4822 8544 4799 5231 6795 
5256 4867 5498 5272 11564 4740 4195 829 9755 3816 4436 10819 3967 0 5712 6537 5055 8288 9198 10284 
10968 9921 9284 772 14086 3382 2813 5531 9199 4368 7594 13341 6489 5712 0 1667 10767 4370 11720 4572 
11793 10746 10109 2439 12419 4207 3638 6356 7532 2721 8419 11674 4822 6537 1667 0 11592 2703 10053 3747 
1497 846 1483 10327 8087 9153 8608 5236 14810 8871 3173 10280 8544 5055 10767 11592 0 13343 5815 15339 
13544 12497 11860 5142 9716 6588 6043 8107 4829 4472 10170 8971 4799 8288 4370 2703 13343 0 7528 1996 
6282 4969 4332 12492 2366 13938 13393 8369 8995 7352 4762 4465 5231 9198 11720 10053 5815 7528 0 9524 
15540 14493 13856 5012 10696 7954 7385 10103 5809 6468 12166 9951 6795 10284 4572 3747 15339 1996 9524 0 

0 9631 857 10979 3438 5617 1850 11771 3960 10270 2262 3210 3713 6681 3365 1060 9657 6024 6952 8566 
9631 0 9418 9742 6193 4014 11481 10534 5865 1015 11893 12841 6128 8022 6912 8571 250 15655 4827 7329 
857 9418 0 10122 3225 5404 2063 10914 3553 10057 2475 3423 4570 5824 2508 1911 9444 6237 6739 7709 
10979 9742 10122 0 9771 10328 9995 792 7019 8727 9791 9831 14692 4298 7614 12033 9992 9021 4915 2413 
3438 6193 3225 9771 0 2179 5288 10563 2752 6832 5700 6648 4921 5473 2157 2378 6219 9462 4856 7358 
5617 4014 5404 10328 2179 0 7467 11120 3309 4653 7879 8827 4364 6030 2898 4557 4040 11641 5413 7915 
1850 11481 2063 9995 5288 7467 0 10787 5616 12120 412 1360 5353 5697 4569 2910 11507 4174 8802 7582 
11771 10534 10914 792 10563 11120 10787 0 7811 9519 10583 10623 15484 5090 8406 12825 10784 9813 5707 3205 
3960 5865 3553 7019 2752 3309 5616 7811 0 6504 6028 6976 7673 2721 1047 5014 5891 9790 3186 4606 
10270 1015 10057 8727 6832 4653 12120 9519 6504 0 12532 13480 6767 8661 7551 9210 1265 16294 3812 6368 
2262 11893 2475 9791 5700 7879 412 10583 6028 12532 0 948 5765 5493 4981 3322 11919 3762 9214 7378 
3210 12841 3423 9831 6648 8827 1360 10623 6976 13480 948 0 6713 5533 5929 4270 12867 2814 10162 7418 
3713 6128 4570 14692 4921 4364 5353 15484 7673 6767 5765 6713 0 10394 7078 2659 6154 9527 9777 12279 
6681 8022 5824 4298 5473 6030 5697 5090 2721 8661 5493 5533 10394 0 3316 7735 8048 7633 5343 2293 
3365 6912 2508 7614 2157 2898 4569 8406 1047 7551 4981 5929 7078 3316 0 4419 6938 8743 4233 5201 
1060 8571 1911 12033 2378 4557 2910 12825 5014 9210 3322 4270 2659 7735 4419 0 8597 7084 7118 9620 
9657 250 9444 9992 6219 4040 11507 10784 5891 1265 11919 12867 6154 8048 6938 8597 0 15681 5077 7579 
6024 15655 6237 9021 9462 11641 4174 9813 9790 16294 3762 2814 9527 7633 8743 7084 15681 0 12976 9926 
6952 4827 6739 4915 4856 5413 8802 5707 3186 3812 9214 10162 9777 5343 4233 7118 5077 12976 0 3050 
8566 7329 7709 2413 7358 7915 7582 3205 4606 6368 7378 7418 12279 2293 5201 9620 7579 9926 3050 0 

0 7774 10358 7245 8208 9082 9685 3456 9397 6985 8387 6032 7468 4977 8132 3747 2427 9259 6743 4191 
7774 0 2584 6387 6708 5168 1911 11230 2839 1441 5585 4836 10356 9909 3026 5189 7651 4327 6745 3583 
10358 2584 0 8971 9292 7752 2151 13814 2543 3373 5289 7420 12940 9613 3322 6611 10235 5997 9329 6167 
7245 6387 8971 0 963 1837 8298 4843 8010 5598 7898 1551 3969 12222 6745 7502 4818 2974 502 4510 
8208 6708 9292 963 0 1540 8619 5556 8331 5919 8861 2176 3648 13185 7066 8465 5781 3295 1465 5473 
9082 5168 7752 1837 1540 0 7079 6430 6989 5591 9735 3050 5188 14059 5526 9339 6655 1755 2339 6347 
9685 1911 2151 8298 8619 7079 0 13141 4694 3296 7440 6747 12267 11764 1553 7044 9562 5324 8656 5494 
3456 11230 13814 4843 5556 6430 13141 0 12853 10441 11843 6394 4816 7629 11588 7203 3579 7817 4485 7647 
9397 2839 2543 8010 8331 6989 4694 12853 0 2412 2746 6459 11979 7070 5865 5650 9274 7166 8368 5206 
6985 1441 3373 5598 5919 5591 3296 10441 2412 0 4144 4047 9567 8468 4467 3748 6862 5768 5956 2794 
8387 5585 5289 7898 8861 9735 7440 11843 2746 4144 0 6685 10969 4562 8611 4640 8264 9912 7396 4196 
6032 4836 7420 1551 2176 3050 6747 6394 6459 4047 6685 0 5520 11009 5194 6289 3605 3227 1909 3297 
7468 10356 12940 3969 3648 5188 12267 4816 11979 9567 10969 5520 0 12445 10714 7725 5041 6943 3611 6773 
4977 9909 9613 12222 13185 14059 11764 7629 7070 8468 4562 11009 12445 0 12935 4720 7404 14236 11720 7712 
8132 3026 3322 6745 7066 5526 1553 11588 5865 4467 8611 5194 10714 12935 0 8215 8009 3771 7103 5223 
3747 5189 6611 7502 8465 9339 7044 7203 5650 3748 4640 6289 7725 4720 8215 0 3624 9516 7000 2992 
2427 7651 10235 4818 5781 6655 9562 3579 9274 6862 8264 3605 5041 7404 8009 3624 0 6832 4316 4068 
9259 4327 5997 2974 3295 1755 5324 7817 7166 5768 9912 3227 6943 14236 3771 9516 6832 0 3332 6524 
6743 6745 9329 502 1465 2339 8656 4485 8368 5956 7396 1909 3611 11720 7103 7000 4316 3332 0 4008 
4191 3583 6167 4510 5473 6347 5494 7647 5206 2794 4196 3297 6773 7712 5223 2992 4068 6524 4008 0 

0 15430 5519 11750 3192 9177 9622 4198 7589 16661 5116 10232 2465 2853 2342 9456 11850 10938 6992 3828 
15430 0 9911 3680 12974 6253 7394 11232 7841 1231 10388 5198 13467 12577 13282 5974 3580 4492 8438 11602 
5519 9911 0 6231 6869 7304 5945 1995 2070 11142 8793 4713 3556 4174 3371 4105 6331 5419 5133 6097 
11750 3680 6231 0 9294 2805 10444 7552 5875 4911 6708 5466 9787 8897 9602 2294 4496 6260 4758 7922 
3192 12974 6869 9294 0 6721 12814 4874 8245 14205 2586 7836 5657 2695 5534 7000 9394 8630 4536 1372 
9177 6253 7304 2805 6721 0 13249 5309 8680 7484 4135 8271 7214 6324 7029 3199 7301 9065 2185 5349 
9622 7394 5945 10444 12814 13249 0 7940 4569 7969 14738 4978 7157 10119 7280 10050 5948 4184 11078 12042 
4198 11232 1995 7552 4874 5309 7940 0 3391 12463 6798 6034 2235 2179 2050 5258 7652 6740 3138 4102 
7589 7841 2070 5875 8245 8680 4569 3391 0 9072 10169 2643 5626 5550 5441 5481 4261 3349 6509 7473 
16661 1231 11142 4911 14205 7484 7969 12463 9072 0 11619 6429 14698 13808 14513 7205 4811 5723 9669 12833 
5116 10388 8793 6708 2586 4135 14738 6798 10169 11619 0 9760 7581 4619 7458 4688 8790 10554 3660 2696 
10232 5198 4713 5466 7836 8271 4978 6034 2643 6429 9760 0 8269 7379 8084 5072 1618 794 6100 7064 
2465 13467 3556 9787 5657 7214 7157 2235 5626 14698 7581 8269 0 2962 185 7493 9887 8975 5029 4885 
2853 12577 4174 8897 2695 6324 10119 2179 5550 13808 4619 7379 2962 0 2839 6603 8997 8085 4139 1923 
2342 13282 3371 9602 5534 7029 7280 2050 5441 14513 7458 8084 185 2839 0 7308 9702 8790 4844 4762 
9456 5974 4105 2294 7000 3199 10050 5258 5481 7205 4688 5072 7493 6603 7308 0 4102 5866 2464 5628 
11850 3580 6331 4496 9394 7301 5948 7652 4261 4811 8790 1618 9887 8997 9702 4102 0 1764 5130 8022 
10938 4492 5419 6260 8630 9065 4184 6740 3349 5723 10554 794 8975 8085 8790 5866 1764 0 6894 7858 
6992 8438 5133 4758 4536 2185 11078 3138 6509 9669 3660 6100 5029 4139 4844 2464 5130 6894 0 3164 
3828 11602 6097 7922 1372 5349 12042 4102 7473 12833 2696 7064 4885 1923 4762 5628 8022 7858 3164 0 

0 7964 8909 7894 878 6666 9297 8261 3005 2703 9719 3333 10636 11925 9271 12305 6735 6641 5453 3847 
7964 0 2349 2000 7318 9662 2009 6681 5875 9439 3297 5969 4476 3961 5567 5141 10577 7625 11661 4117 
8909 2349 0 3745 8031 7313 3682 4332 5904 7090 948 5576 6221 6310 7312 3396 12322 5276 9312 5252 
7894 2000 3745 0 7248 9592 4009 6611 5805 9369 4555 5899 2742 4031 3567 7141 8577 7555 11591 4047 
878 7318 8031 7248 0 5788 8651 7383 2127 2121 8841 2455 9990 11279 8625 11427 6089 5763 4575 3201 
6666 9662 7313 9592 5788 0 10995 2981 3787 3963 6365 3693 12334 13623 10969 6759 10079 2037 1999 5545 
9297 2009 3682 4009 8651 10995 0 8014 7208 10772 4630 7302 6485 3270 7576 4236 12586 8958 12994 5516 
8261 6681 4332 6611 7383 2981 8014 0 5256 5558 3384 4928 9353 10642 7988 4044 11674 1620 4980 4604 
3005 5875 5904 5805 2127 3787 7208 5256 0 3564 6714 328 8547 9836 7182 9300 6418 3636 5786 1758 
2703 9439 7090 9369 2121 3963 10772 5558 3564 0 7016 3470 12111 13400 10746 9602 8210 3938 2750 5322 
9719 3297 948 4555 8841 6365 4630 3384 6714 7016 0 6386 7031 7258 8122 2586 13132 4328 8364 6062 
3333 5969 5576 5899 2455 3693 7302 4928 328 3470 6386 0 8641 9930 7276 8972 6746 3308 5692 1852 
10636 4476 6221 2742 9990 12334 6485 9353 8547 12111 7031 8641 0 3215 1365 9617 6101 10297 14333 6789 
11925 3961 6310 4031 11279 13623 3270 10642 9836 13400 7258 9930 3215 0 4306 6864 9316 11586 15622 8078 
9271 5567 7312 3567 8625 10969 7576 7988 7182 10746 8122 7276 1365 4306 0 10708 5010 8932 12968 5424 
12305 5141 3396 7141 11427 6759 4236 4044 9300 9602 2586 8972 9617 6864 10708 0 15718 5664 8758 8648 
6735 10577 12322 8577 6089 10079 12586 11674 6418 8210 13132 6746 6101 9316 5010 15718 0 10054 10432 7070 
6641 7625 5276 7555 5763 2037 8958 1620 3636 3938 4328 3308 10297 11586 8932 5664 10054 0 4036 3508 
5453 11661 9312 11591 4575 1999 12994 4980 5786 2750 8364 5692 14333 15622 12968 8758 10432 4036 0 7544 
3847 4117 5252 4047 3201 5545 5516 4604 1758 5322 6062 1852 6789 8078 5424 8648 7070 3508 7544 0 

0 832 8038 6016 14186 8053 8553 11137 5240 11175 6260 9161 7693 10104 10872 13168 2538 8305 10056 7177 
832 0 7206 5318 13354 7221 7855 10305 4408 10343 5428 8329 6995 9272 10040 12336 1840 7473 9224 6345 
8038 7206 0 11630 8714 9861 14167 6027 5604 9315 5772 11941 13307 14826 7580 5136 8152 3991 13002 9399 
6016 5318 11630 0 12250 6117 5153 9201 6026 9239 5858 7225 3277 8168 8936 11232 3478 7639 8120 5241 
14186 13354 8714 12250 0 6133 7097 3049 8946 3011 7926 5025 8973 6112 3314 3578 11998 5881 4288 7009 
8053 7221 9861 6117 6133 0 4306 3834 4257 3122 4089 2080 3446 4965 2819 5115 5865 5870 3141 876 
8553 7855 14167 5153 7097 4306 0 8140 8563 4852 8395 2226 1876 3015 6587 9031 6015 10176 2967 4768 
11137 10305 6027 9201 3049 3834 8140 0 5897 3288 4877 5914 7280 8799 1553 2031 8949 2832 6975 3960 
5240 4408 5604 6026 8946 4257 8563 5897 0 5935 1020 6337 7703 9222 5632 7928 3052 3065 7398 3795 
11175 10343 9315 9239 3011 3122 4852 3288 5935 0 4915 2626 5962 5511 1735 4179 8987 5324 3687 3998 
6260 5428 5772 5858 7926 4089 8395 4877 1020 4915 0 6169 7535 9054 4612 6908 4072 2045 7230 3627 
9161 8329 11941 7225 5025 2080 2226 5914 6337 2626 6169 0 3948 2885 4361 6805 6973 7950 1061 2542 
7693 6995 13307 3277 8973 3446 1876 7280 7703 5962 7535 3948 0 4891 5727 8171 5155 9316 4843 3908 
10104 9272 14826 8168 6112 4965 3015 8799 9222 5511 9054 2885 4891 0 7246 9690 7916 10835 1824 5427 
10872 10040 7580 8936 3314 2819 6587 1553 5632 1735 4612 4361 5727 7246 0 2444 8684 3589 5422 3695 
13168 12336 5136 11232 3578 5115 9031 2031 7928 4179 6908 6805 8171 9690 2444 0 10980 4863 7866 5991 
2538 1840 8152 3478 11998 5865 6015 8949 3052 8987 4072 6973 5155 7916 8684 10980 0 6117 7868 4989 
8305 7473 3991 7639 5881 5870 10176 2832 3065 5324 2045 7950 9316 10835 3589 4863 6117 0 9011 5408 
10056 9224 13002 8120 4288 3141 2967 6975 7398 3687 7230 1061 4843 1824 5422 7866 7868 9011 0 3603 
7177 6345 9399 5241 7009 876 4768 3960 3795 3998 3627 2542 3908 5427 3695 5991 4989 5408 3603 0 

0 5225 3767 2504 4628 2105 8389 8419 7368 3040 2144 2939 7573 5416 6820 5211 3070 7536 5469 6271 
5225 0 1458 5495 9853 3496 13614 3194 2143 6883 7369 2286 12798 1623 1595 1020 3325 7791 5552 10774 
3767 1458 0 4037 8395 2038 12156 4652 3601 5425 5911 3072 11340 1649 3053 1444 4341 8807 4198 9316 
2504 5495 4037 0 4358 4609 8119 8689 7638 5544 3316 3209 7303 5686 7090 5481 3282 5032 7973 5279 
4628 9853 8395 4358 0 6357 3761 13047 11996 5700 3472 7567 2945 10044 11448 9839 7640 4876 8129 3611 
2105 3496 2038 4609 6357 0 10118 6690 5639 3387 3873 3906 9302 3687 5091 3482 5175 9641 3364 8376 
8389 13614 12156 8119 3761 10118 0 16808 15757 6731 6245 11328 3270 13805 15209 13600 11401 8007 8062 6292 
8419 3194 4652 8689 13047 6690 16808 0 1301 10077 10563 5480 15992 3003 1599 3208 5407 8801 8746 13968 
7368 2143 3601 7638 11996 5639 15757 1301 0 9026 9512 4429 14941 1952 1452 2157 4356 8110 7695 12917 
3040 6883 5425 5544 5700 3387 6731 10077 9026 0 2228 4841 6289 7074 8478 6869 6110 10576 2429 9311 
2144 7369 5911 3316 3472 3873 6245 10563 9512 2228 0 5083 5429 7560 8964 7355 5156 8348 4657 7083 
2939 2286 3072 3209 7567 3906 11328 5480 4429 4841 5083 0 10512 3679 3881 3076 1269 5735 7270 8488 
7573 12798 11340 7303 2945 9302 3270 15992 14941 6289 5429 10512 0 12989 14393 12784 10585 7191 8718 3022 
5416 1623 1649 5686 10044 3687 13805 3003 1952 7074 7560 3679 12989 0 2756 603 4948 9414 5743 10965 
6820 1595 3053 7090 11448 5091 15209 1599 1452 8478 8964 3881 14393 2756 0 2153 3808 7202 7147 12369 
5211 1020 1444 5481 9839 3482 13600 3208 2157 6869 7355 3076 12784 603 2153 0 4345 8811 5538 10760 
3070 3325 4341 3282 7640 5175 11401 5407 4356 6110 5156 1269 10585 4948 3808 4345 0 4466 8539 8561 
7536 7791 8807 5032 4876 9641 8007 8801 8110 10576 8348 5735 7191 9414 7202 8811 4466 0 13005 5167 
5469 5552 4198 7973 8129 3364 8062 8746 7695 2429 4657 7270 8718 5743 7147 5538 8539 13005 0 11740 
6271 10774 9316 5279 3611 8376 6292 13968 12917 9311 7083 8488 3022 10965 12369 10760 8561 5167 11740 0 

0 6101 10848 3180 8938 10471 2819 4639 3906 6259 8106 3837 8155 969 3371 6733 4096 14271 10975 3681 
6101 0 8337 7349 13107 8544 8890 1462 8075 484 3703 3588 4060 7070 3452 3886 3131 8170 4874 8058 
10848 8337 0 8540 4770 377 13637 8763 10674 8821 4634 8335 4277 11817 7477 4451 6752 3423 4041 12805 
3180 7349 8540 0 5758 8163 5097 7775 2134 7833 5798 7017 5847 3277 3897 4425 4218 11963 8667 4265 
8938 13107 4770 5758 0 4563 10455 13533 7492 13591 9404 12775 9047 8635 9655 9221 9976 6605 8811 9623 
10471 8544 377 8163 4563 0 13260 8970 10297 9028 4841 8212 4484 11440 7100 4658 6375 3800 4248 12428 
2819 8890 13637 5097 10455 13260 0 7428 2963 9048 10895 6656 10944 1886 6160 9522 6885 17060 13764 862 
4639 1462 8763 7775 13533 8970 7428 0 8501 1620 4129 2126 4486 5608 3878 4312 3557 9632 6336 8276 
3906 8075 10674 2134 7492 10297 2963 8501 0 8559 7932 7743 7981 2973 4623 6559 4944 14097 10801 2131 
6259 484 8821 7833 13591 9028 9048 1620 8559 0 4187 3746 4544 7228 3936 4370 3615 8012 4780 8334 
8106 3703 4634 5798 9404 4841 10895 4129 7932 4187 0 5593 357 9075 4735 1373 4010 6165 2869 10063 
3837 3588 8335 7017 12775 8212 6656 2126 7743 3746 5593 0 5642 4770 3120 4220 2799 11758 8462 7518 
8155 4060 4277 5847 9047 4484 10944 4486 7981 4544 357 5642 0 9124 4784 1422 4059 6116 2820 10112 
969 7070 11817 3277 8635 11440 1886 5608 2973 7228 9075 4770 9124 0 4340 7702 5065 15240 11944 2748 
3371 3452 7477 3897 9655 7100 6160 3878 4623 3936 4735 3120 4784 4340 0 3362 725 10900 7604 5328 
6733 3886 4451 4425 9221 4658 9522 4312 6559 4370 1373 4220 1422 7702 3362 0 2637 7538 4242 8690 
4096 3131 6752 4218 9976 6375 6885 3557 4944 3615 4010 2799 4059 5065 725 2637 0 10175 6879 6053 
14271 8170 3423 11963 6605 3800 17060 9632 14097 8012 6165 11758 6116 15240 10900 7538 10175 0 3296 16228 
10975 4874 4041 8667 8811 4248 13764 6336 10801 4780 2869 8462 2820 11944 7604 4242 6879 3296 0 12932 
3681 8058 12805 4265 9623 12428 862 8276 2131 8334 10063 7518 10112 2748 5328 8690 6053 16228 12932 0 

0 9345 8209 10794 6244 1872 3299 12173 6026 5325 6337 3717 4570 11048 7739 2134 4588 9021 12981 4984 
9345 0 2320 3261 11171 9813 6484 7250 7247 4580 10752 5704 4775 7625 5208 11479 6763 6896 7766 8391 
8209 2320 0 2585 10035 8677 4910 8620 4927 3444 9616 4492 3639 7495 4186 10343 5627 5760 9428 6071 
10794 3261 2585 0 12620 11262 7495 9561 4768 6029 12201 7077 6224 9074 6657 12928 8212 8345 10369 5810 
6244 11171 10035 12620 0 4372 6855 5929 7852 6591 419 6075 6396 4804 5963 5134 4408 4275 6737 8762 
1872 9813 8677 11262 4372 0 3767 10301 6494 5233 4465 4185 5038 9176 5867 1666 3050 7149 11109 5452 
3299 6484 4910 7495 6855 3767 0 12784 2727 5936 6948 780 1999 11659 8350 5433 5199 9632 13592 1907 
12173 7250 8620 9561 5929 10301 12784 0 13547 6848 5836 12004 10785 1125 4434 11063 7585 3152 808 14691 
6026 7247 4927 4768 7852 6494 2727 13547 0 6699 7711 2309 2762 12422 9113 8160 5962 10395 14355 1144 
5325 4580 3444 6029 6591 5233 5936 6848 6699 0 6172 5156 3937 5723 2414 6899 2183 3696 7656 7843 
6337 10752 9616 12201 419 4465 6948 5836 7711 6172 0 6168 5977 4711 5544 5227 3989 3856 6644 8855 
3717 5704 4492 7077 6075 4185 780 12004 2309 5156 6168 0 1219 10879 7570 5851 4419 8852 12812 2687 
4570 4775 3639 6224 6396 5038 1999 10785 2762 3937 5977 1219 0 9660 6351 6704 3200 7633 11593 3906 
11048 7625 7495 9074 4804 9176 11659 1125 12422 5723 4711 10879 9660 0 3309 9938 6460 2027 1933 13566 
7739 5208 4186 6657 5963 5867 8350 4434 9113 2414 5544 7570 6351 3309 0 6629 3151 1688 5242 10257 
