0 9086 12568 3242 2839 4780 5331 8970 5678 5252 4939 1534 8882 9955 3376 7667 7146 10237 10607 4300 8327 9909 10125 9637 5180 4422 4214 9551 2900 10747 6007 8360 4894 992 8217 9462 9990 4237 4106 5535 9953 8899 6172 8011 1560 2054 9136 8693 5152 10651 8558 4349 857 3874 8700 9117 4262 6253 4071 14611 9390 8822 3220 2958 983 9422 8011 4209 8357 9900 4074 5497 6346 8363 5402 1985 10170 8086 5345 10605 8010 10769 9558 4643 8424 9483 2629 4848 1798 5332 5494 8355 1182 5118 9910 2599 5092 10083 5635 8707 8113 3400 3514 11730 7927 6191 9529 5098 2864 3069 8864 5631 13455 5290 2932 9290 10358 7375 1392 8973 12335 11241 9574 3374 6805 3476 4603 3695 9898 4495 5334 6545 13293 8593 10557 10798 5648 7426 6825 5564 7031 8625 2218 8816 6875 6421 5333 10394 5090 12239 6917 3582 5000 9264 10784 4347 4180 3374 5608 9177 3978 8720 4722 7667 3465 10921 10344 4595 13676 3310 6281 8171 9801 12631 5013 7681 11272 5080 5879 10548 8552 3163 3310 10381 6672 5579 4165 4283 10988 6968 4479 2793 5101 12374 12455 1558 5043 4947 4644 10250 
9086 0 9758 6184 11925 7496 8211 3632 3408 7960 6361 9044 788 7145 5710 7493 6710 7427 3871 5074 3813 4573 3631 6827 3906 5052 4950 3331 6186 7937 10773 10886 4192 9962 5407 6652 2070 4849 8172 14621 7143 235 15258 1075 10646 7534 6434 393 10154 1915 1278 13311 8229 8226 5890 2645 7658 3747 5015 11801 4352 12218 6940 11894 8103 1422 11169 8801 6275 10938 5012 12681 12552 723 4830 11071 7798 1582 4387 7795 11064 3533 6748 13121 5634 1951 6457 8454 7498 14418 3592 5545 10268 3968 7100 10991 5414 7273 14267 9027 7597 5686 12404 8920 2587 15277 9597 7630 6222 9011 6054 13405 10645 3796 8572 9162 9294 1711 10478 6163 9525 8431 6764 7676 15891 5610 8179 9903 3618 4591 14364 9065 10483 2895 1471 1712 4494 4616 4107 3898 8917 2137 6932 3022 5553 2665 3753 7584 5392 3153 9685 6564 12792 9238 8208 4739 7028 5712 7054 6367 12332 1978 13808 1819 11533 9115 7534 7405 10866 9722 12965 1957 6991 9821 14099 5005 8462 4006 8643 9492 5742 9235 5776 7571 5272 12713 4921 13369 1902 2118 10969 10119 3985 9564 9645 10644 4043 4139 13730 7440 
12568 9758 0 9326 10343 7788 7237 7810 7910 7316 7629 11034 10546 4379 13484 4901 5422 2331 9447 8268 7167 8749 8965 5257 8638 8146 14708 8391 14868 2913 6561 4208 11184 13560 4351 3362 8830 13281 8462 7655 4641 9523 7490 8733 11144 10514 3432 9491 7416 9491 11036 8219 11747 8694 7110 7957 8306 6315 8741 2077 8230 4292 9348 9610 12445 8336 4557 8359 4211 3012 9558 7071 6222 9815 14588 11005 2398 11340 14145 1963 4558 9609 3178 7925 4144 8323 10179 7720 10770 7520 11462 5523 13080 9058 3788 9969 7476 2649 6933 3861 4455 10934 9054 3374 12345 7691 3039 7470 10908 9499 7548 6937 887 7820 9636 3278 2210 11233 12668 4837 1203 2753 3092 9194 7965 9976 7965 8873 8738 11983 7234 6023 725 7433 9397 9638 14252 5142 5743 13656 5537 7621 10350 7656 5693 12069 10135 2862 15150 11079 5651 16150 7568 3304 1784 13043 16748 10628 6960 6355 8590 11736 9708 7939 9103 1647 3034 17163 1130 9258 6287 7801 6775 2481 8299 4887 5184 8122 6689 2020 4016 9405 11266 5029 5896 6989 9901 8669 9828 8550 8089 9775 12567 3472 533 11204 8387 10171 9684 4046 
3242 6184 9326 0 5741 1538 2089 6068 2776 2010 1697 2860 5980 6713 4158 4425 3904 6995 7705 1110 5425 7007 7223 6395 2278 1180 5382 6649 5542 7505 4589 5118 1992 4234 4975 6220 7088 3955 1988 8437 6711 5997 9074 5109 4462 1350 5894 5791 3970 7749 5656 7127 2421 2042 5458 6215 1474 3011 1169 11369 6488 6034 756 5710 3119 6520 4985 2617 5115 6658 1172 6497 6368 5461 5262 4887 6928 5184 4819 7363 4880 7867 6316 6937 5182 6581 853 2270 1444 8234 2592 5113 4084 2216 6668 4807 1850 6841 8083 5465 4871 1608 6220 8488 5025 9093 6287 1856 1582 2827 5806 7221 10213 2388 2388 6048 7116 4473 4294 5731 9093 7999 6332 1492 9707 650 1995 3719 6996 2657 8180 3303 10051 5691 7655 7896 4926 4184 3583 4330 3789 5723 1024 5914 3633 3519 2431 7152 5824 9337 3675 6824 6608 6022 7542 3717 7422 1302 2366 5935 6148 5818 7624 4765 5349 7679 7102 7837 10434 3538 6781 5269 6559 9389 7915 4439 8030 2178 2637 7306 5310 3051 1940 7139 3430 6529 1263 7185 8086 4066 4785 3935 3241 9132 9213 4460 2141 2045 7546 7008 
2839 11925 10343 5741 0 4429 3714 11809 8517 3965 5564 2881 11721 8378 6215 5442 5215 8012 13446 6851 11166 12748 12964 9256 8019 6873 7053 12390 5739 8522 3782 6135 7733 3217 8294 7361 12829 7076 3753 2696 8640 11738 3333 10850 1279 4391 6911 11532 2927 13490 11397 2124 3696 3699 11109 11956 4267 8178 6910 12386 12229 6597 4985 733 3822 12261 5786 3124 6132 7675 6913 3272 4121 11202 8241 854 7945 10925 8184 8380 5785 13608 7333 2418 6291 12322 5468 3471 4427 2823 8333 9522 2737 7957 7787 934 6511 7858 3410 6482 5888 6239 1289 9505 10766 3352 7304 4295 5703 2914 11547 3406 11230 8129 3353 7065 8133 10214 2325 8836 10110 9016 7349 4249 3966 6315 3746 2022 12737 7334 3109 4320 11068 11432 13396 13637 8487 8861 7818 8403 4806 11464 4993 11655 6372 9260 8172 8169 7929 15078 4692 5807 2775 7039 8559 7186 6405 6213 4871 10354 1753 11559 1883 10506 1240 8696 8119 6820 11451 2203 4056 11010 10774 10406 2174 6920 9183 7919 3654 8323 6743 2690 6149 9028 6653 3354 7004 1674 13827 9807 2254 1806 7940 10149 10230 1281 7882 7786 1805 8045 
4780 7496 7788 1538 4429 0 715 7380 4088 472 1135 3246 7292 5175 5696 2887 2366 5457 9017 2422 6737 8319 8535 4857 3590 2444 6920 7961 7080 5967 3277 3580 3396 5772 3865 4682 8400 5493 676 7125 5173 7309 7762 6421 3356 2726 4356 7103 2658 9061 6968 5815 3959 906 6680 7527 518 3749 2481 9831 7800 4722 1560 4398 4657 7832 3673 1305 3577 5120 2484 5185 5056 6773 6800 3575 5390 6496 6357 5825 3568 9179 4778 5625 3644 7893 2391 958 2982 6922 3904 5093 5292 3528 5130 3495 2082 5303 6771 3927 3333 3146 4908 6950 6337 7781 4749 318 3120 1711 7118 5909 8675 3700 1848 4510 5578 5785 4880 4407 7555 6461 4794 1406 8395 2188 683 2407 8308 4195 6868 1765 8513 7003 8967 9208 6464 4432 3389 5868 2251 7035 2562 7226 2095 4831 3743 5614 7362 10649 2189 8362 5296 4484 6004 5255 8960 2840 828 5925 4836 7130 6312 6077 4037 6141 5564 9375 8896 2226 5469 6581 6345 7851 6603 2901 6492 3490 1147 5768 3772 1739 3478 5601 2224 5217 2575 5873 9398 5378 3473 2623 4779 7594 7675 3416 3453 3357 6234 5470 
5331 8211 7237 2089 3714 715 0 8095 4803 251 1850 3797 8007 4664 6247 2336 1815 4906 9732 3137 7452 9034 9250 5542 4305 3159 7471 8676 7631 5416 2562 3029 4019 6323 4580 4131 9115 6044 1225 6410 4926 8024 7047 7136 3907 3277 3805 7818 1943 9776 7683 5100 4510 1457 7395 8242 1069 4464 3196 9280 8515 4007 2111 3683 5208 8547 2958 1122 3026 4569 3199 4470 4341 7488 7351 3768 4839 7211 6908 5274 2853 9894 4227 4910 3093 8608 2942 483 3533 6207 4619 5808 5843 4243 4579 2780 2797 4752 6056 3376 2782 3697 4193 6399 7052 7066 4198 581 3671 2262 7833 5194 8124 4415 2399 3959 5027 6500 5431 5122 7004 5910 4243 1957 7680 2739 728 1692 9023 4746 6153 1214 7962 7718 9682 9923 7015 5147 4104 6419 1700 7750 3113 7941 2658 5546 4458 5063 7913 11364 1586 8913 4581 3933 5453 5806 9511 3391 1157 6640 4121 7845 5597 6792 3322 5590 5013 9926 8345 2021 4754 7296 7060 7300 5888 3206 5941 4205 548 5217 3221 2168 4029 5314 2939 4502 3290 5158 10113 6093 2758 2538 5330 7043 7124 3967 4168 4072 5519 4919 
8970 3632 7810 6068 11809 7380 8095 0 3292 7844 6245 8928 4420 3513 7358 7377 6594 5595 1637 4958 643 941 1155 3195 3790 4936 8582 581 8742 4897 10657 10770 5058 9846 3515 4448 1562 7155 8056 14505 3511 3397 15142 2607 10530 7418 6318 3365 10038 1717 4910 13195 8113 8110 2258 987 7542 3631 4899 8169 720 12102 6824 11778 7987 2210 11053 8685 6159 10822 4896 12565 12436 3689 8462 10955 7682 5214 8019 6853 10948 1799 4632 13005 5518 1681 6341 8338 7382 14302 5336 2287 10152 3852 4022 10875 5298 5161 14151 8911 7481 5570 12288 5288 6219 15161 9481 7514 6106 8895 2422 13289 7035 3680 8456 9046 9178 5107 10362 2973 6607 5057 4718 7560 15775 5494 8063 9787 928 5857 14248 8949 7271 737 3003 3338 8126 2948 3991 7530 8801 1495 6816 610 5437 5943 4009 4948 9024 3269 9569 10024 12676 9122 8092 6917 10622 5596 6938 2735 12216 5610 13692 1813 11417 8999 4776 11037 7234 9606 12849 1675 3359 6189 13983 4889 4830 3890 8527 9376 5066 9119 5660 3939 5156 12597 4805 13253 3248 2424 10853 10003 6441 5932 7277 10528 3927 4045 13614 3808 
5678 3408 7910 2776 8517 4088 4803 3292 0 4552 2953 5636 3204 5297 5574 4085 3302 5579 4929 1666 2649 4231 4447 4979 728 1644 6798 3873 6958 6089 7365 7478 3274 6554 3559 4804 4312 5371 4764 11213 5295 3221 11850 2333 7238 4126 4478 3015 6746 4973 3126 9903 4821 4818 4042 3439 4250 1595 1607 9953 3712 8810 3532 8486 4695 3744 7761 5393 3699 7530 1648 9273 9144 2685 6678 7663 5512 3430 6235 5947 7656 5091 4900 9713 3766 3805 3049 5046 4090 11010 3552 3697 6860 1148 5252 7583 2006 5425 10859 5619 4189 3024 8996 7072 4435 11869 6189 4222 2998 5603 4206 9997 8797 388 5164 5754 5886 3323 7070 4315 7677 6583 4916 4268 12483 2202 4771 6495 4220 4073 10956 5657 8635 2915 4879 5120 6342 2768 2167 5746 5509 2947 3524 3138 2217 4159 2225 5736 7240 6561 6277 8240 9384 5830 6126 5133 8838 2718 3646 4519 8924 3826 10400 1989 8125 6263 5686 9253 9018 6314 9557 2493 5143 7973 10691 3023 6614 598 5235 6084 3894 5827 3356 5723 2014 9305 1991 9961 5310 1290 7561 6711 4657 7716 7797 7236 635 2261 10322 5592 
5252 7960 7316 2010 3965 472 251 7844 4552 0 1599 3718 7756 4703 6168 2415 1894 4985 9481 2886 7201 8783 8999 5291 4054 2908 7392 8425 7552 5495 2813 3108 3868 6244 4329 4210 8864 5965 1146 6661 4701 7773 7298 6885 3828 3198 3884 7567 2194 9525 7432 5351 4431 1378 7144 7991 990 4213 2945 9359 8264 4258 2032 3934 5129 8296 3209 1043 3105 4648 2948 4721 4592 7237 7272 3689 4918 6960 6829 5353 3104 9643 4306 5161 3172 8357 2863 494 3454 6458 4368 5557 5764 3992 4658 3031 2546 4831 6307 3455 2861 3618 4444 6478 6801 7317 4277 330 3592 2183 7582 5445 8203 4164 2320 4038 5106 6249 5352 4871 7083 5989 4322 1878 7931 2660 649 1943 8772 4667 6404 1293 8041 7467 9431 9672 6936 4896 3853 6340 1779 7499 3034 7690 2407 5295 4207 5142 7834 11113 1725 8834 4832 4012 5532 5727 9432 3312 906 6389 4372 7594 5848 6541 3573 5669 5092 9847 8424 1942 5005 7045 6809 7379 6139 2955 6020 3954 683 5296 3300 2089 3950 5129 2688 4753 3039 5409 9862 5842 3009 2459 5251 7122 7203 3888 3917 3821 5770 4998 
4939 6361 7629 1697 5564 1135 1850 6245 2953 1599 0 3405 6157 5016 5855 2728 2207 5298 7882 1287 5602 7184 7400 4698 2455 1309 7079 6826 7239 5808 4412 4525 3555 5931 3278 4523 7265 5652 1811 8260 5014 6174 8897 5286 4285 2885 4197 5968 3793 7926 5833 6950 4118 1865 5545 6392 1297 2614 1346 9672 6665 5857 1719 5533 4816 6697 4808 2440 3418 4961 1929 6320 6191 5638 6959 4710 5231 5361 6516 5666 4703 8044 4619 6760 3485 6758 2550 2093 3141 8057 3833 3958 5451 2393 4971 4630 947 5144 7906 3768 3174 3305 6043 6791 5202 8916 4590 1269 3279 2650 5983 7044 8516 2565 2211 4351 5419 4650 5039 4034 7396 6302 4635 1565 9530 2347 1818 3542 7173 4354 8003 2704 8354 5868 7832 8073 6623 3297 2254 6027 2556 5900 2721 6091 1936 4440 2608 5455 7521 9514 3324 8521 6431 4325 5845 5414 9119 2999 693 4790 5971 5995 7447 4942 5172 5982 5405 9534 8737 3361 6604 5446 5210 7692 7738 2742 6333 2355 2282 5609 3613 2874 3637 5442 1733 6352 2272 7008 8263 4243 4608 3758 4938 7435 7516 4283 2318 2542 7369 5311 
1534 9044 11034 2860 2881 3246 3797 8928 5636 3718 3405 0 8840 8421 3334 6133 5612 8703 10565 3970 8285 9867 10083 8103 5138 3992 4172 9509 3834 9213 4473 6826 4852 2526 6683 7928 9948 4195 2572 5577 8419 8857 6214 7969 1602 1510 7602 8651 3618 10609 8516 4267 815 2340 8228 9075 2728 5297 4029 13077 9348 7288 2104 2850 1411 9380 6477 2675 6823 8366 4032 3963 4812 8321 5360 2027 8636 8044 5303 9071 6476 10727 8024 4077 6890 9441 2587 3314 1546 5374 5452 6821 2046 5076 8376 1947 3630 8549 5223 7173 6579 3358 3360 10196 7885 6233 7995 3564 2822 1535 8666 4361 11921 5248 1398 7756 8824 7333 1634 7439 10801 9707 8040 1840 6847 3434 3069 2161 9856 4453 5320 5011 11759 8551 10515 10756 5606 5980 5291 5522 5497 8583 2112 8774 5341 6379 5291 8860 5048 12197 5383 5116 3748 7730 9250 4305 5714 3332 4074 7643 3288 8678 4764 7625 2489 9387 8810 6129 12142 1776 4747 8129 8267 11097 5055 6147 9738 5038 4345 9014 7018 1629 3268 8847 5138 4045 4123 4325 10946 6926 2945 1259 5059 10840 10921 1600 5001 4905 4686 8716 
8882 788 10546 5980 11721 7292 8007 4420 3204 7756 6157 8840 0 7933 5506 7289 6506 8215 4659 4870 4601 5361 4419 7615 3702 4848 4668 4119 5982 8725 10569 10682 3988 9758 6195 7440 2858 4645 7968 14417 7931 1023 15054 1813 10442 7330 7114 1055 9950 2703 490 13107 8025 8022 6678 3433 7454 4231 4811 12589 5140 12014 6736 11690 7899 2210 10965 8597 6335 10734 4808 12477 12348 731 4042 10867 8148 796 3599 8583 10860 4321 7536 12917 6402 2739 6253 8250 7294 14214 3388 6333 10064 3764 7888 10787 5210 8061 14063 8823 7393 5482 12200 9708 1799 15073 9393 7426 6018 8807 6842 13201 11433 3592 8368 8958 9090 1507 10274 6951 10313 9219 7552 7472 15687 5406 7975 9699 4406 4387 14160 8861 11271 3683 1675 1916 3706 5404 4803 3318 8713 2925 6728 3810 5349 2461 3549 8372 4604 3357 9481 6360 12588 9034 8762 4535 6824 5508 6850 7155 12128 1190 13604 2607 11329 8911 8322 6617 11654 9518 12761 2745 7779 10609 13895 5659 9250 3802 8439 9288 6530 9031 5572 8359 5068 12509 4717 13165 2106 1996 10765 9915 3781 10352 10433 10440 3839 3935 13526 8228 
9955 7145 4379 6713 8378 5175 4664 3513 5297 4703 5016 8421 7933 0 10871 3946 3163 2164 5068 5655 3332 4370 4586 878 6025 5533 12095 4012 12255 1466 7226 7339 8571 10947 1738 1017 5075 10668 5849 11074 262 6910 11711 6120 8531 7901 2887 6878 6607 5230 8423 9764 9134 6081 2731 4500 5693 3702 6128 4656 3851 8671 6735 8347 9832 5723 7622 5746 2728 7391 6945 9134 9005 7202 11975 8392 4251 8727 11532 3422 7517 5230 1201 9574 2087 5194 7566 5107 8157 10871 8849 1600 10467 6445 591 7444 4863 1730 10720 5480 4050 8321 8857 1775 9732 11730 6050 4857 8295 6886 3169 9858 3604 5207 7023 5615 5747 8620 10055 982 3176 1626 1287 6581 12344 7363 5352 6356 4359 9370 10817 5518 3840 4250 6516 6851 11639 2529 3130 11043 5370 5008 7737 4123 3080 9456 7522 1517 12537 6700 6138 13537 9245 5691 4661 10430 14135 8015 4347 1976 8785 9123 10261 5326 7986 5568 1345 14550 3721 6645 9418 5188 2396 2676 10552 2274 1317 5509 5096 5945 1635 6792 8653 650 3283 9166 7288 9822 6761 5937 7422 7162 9954 2419 3846 8591 5774 7558 10183 333 
3376 5710 13484 4158 6215 5696 6247 7358 5574 6168 5855 3334 5506 10871 0 8583 8062 11153 7597 5216 7539 8299 7357 10553 4846 5338 1224 7057 1384 11663 6923 9276 2300 4252 9133 10378 6614 861 5022 8911 10869 5523 9548 4751 4936 2970 10052 5317 6068 7275 5182 7601 2519 4790 9616 6371 5178 7169 4743 15527 8078 9738 4136 6184 2393 6046 8927 5125 9273 10816 3926 6971 7262 4987 2026 5361 11086 4710 1969 11521 8926 7393 10474 7411 9340 6107 3305 5764 2714 8708 2118 9271 4558 4426 10826 5281 6008 10999 8557 9623 9029 2550 6694 12646 4551 9567 10445 6014 2576 3985 9780 7695 14371 5664 3848 10206 11274 3999 4768 9889 13251 12157 10490 4290 10181 3508 5519 4611 7344 1501 8654 7461 14209 6621 7181 7422 2272 8342 7741 2188 7947 5863 3134 6748 7791 3045 3349 11310 1714 8863 7833 2666 7082 10180 11700 971 3264 2856 6524 10093 6622 5344 8098 5545 5823 11837 11260 3679 14592 4226 7255 5683 10717 13547 8389 8597 12188 5362 6795 11464 9468 4079 2218 11297 7588 7003 3583 7659 7612 4934 5395 4409 1725 13290 13371 4934 5097 3313 8020 11166 
7667 7493 4901 4425 5442 2887 2336 7377 4085 2415 2728 6133 7289 3946 8583 0 783 2570 9014 3367 6734 8316 8532 4824 3737 3245 9807 7958 9967 3080 3280 3393 6283 8659 3862 2929 8397 8380 3561 7128 4208 7306 7765 6418 6243 5613 1469 7100 2661 9058 6965 5818 6846 3793 6677 7524 3405 3746 3840 6944 7797 4725 4447 4709 7544 7829 3676 3458 1218 3445 4657 5188 5059 6770 9687 6104 2503 6493 9244 2938 3571 9176 2745 5628 1859 7890 5278 2819 5869 6925 6561 5090 8179 4157 3355 5068 2575 2416 6774 1534 446 6033 4911 4063 7444 7784 2104 2569 6007 4598 7115 5912 5788 3697 4735 1669 2691 6332 7767 4404 4668 3574 2659 4293 8398 5075 3064 3972 8305 7082 6871 1572 5626 7000 8964 9205 9351 4429 3386 8755 1424 7032 5449 7223 1940 7168 5234 2727 10249 10646 2192 11249 5299 1745 3117 8142 11847 5727 2059 5922 4839 7127 6315 6074 4202 3254 2677 12262 6009 4357 5472 6578 6342 4964 6606 2488 4751 3487 1788 2881 2311 4504 6365 4596 2221 5220 5000 5876 9395 5375 3476 4874 7666 4707 4788 6303 3486 5270 6237 3613 
7146 6710 5422 3904 5215 2366 1815 6594 3302 1894 2207 5612 6506 3163 8062 783 0 3091 8231 2846 5951 7533 7749 4041 3216 2724 9286 7175 9446 3601 4063 4176 5762 8138 3079 2316 7614 7859 3040 7911 3425 6523 8548 5635 5722 5092 1990 6317 3444 8275 6182 6601 6325 3272 5894 6741 2884 2963 3319 7465 7014 5508 3926 5184 7023 7046 4459 2937 1211 4228 4136 5971 5842 5987 9166 5583 3024 5918 8723 3459 4354 8393 2412 6411 1278 7107 4757 2298 5348 7708 6040 4307 7658 3636 2764 4547 2054 2937 7557 2317 967 5512 5694 4584 6923 8567 2887 2048 5486 4077 6332 6695 6309 2914 4214 2452 3212 5811 7246 3621 5189 4095 2428 3772 9181 4554 2543 3451 7522 6561 7654 2355 6147 6217 8181 8422 8830 3646 2603 8234 2207 6249 4928 6440 1157 6647 4713 3248 9728 9863 2975 10728 6082 2528 3638 7621 11326 5206 1538 5139 5622 6344 7098 5291 4823 3775 3198 11741 6530 3836 6255 5795 5559 5485 7389 1705 4126 2704 1933 3402 1528 3983 5844 3813 1438 6003 4479 6659 8612 4592 4259 4353 7145 5228 5309 5782 2965 4749 7020 3104 
10237 7427 2331 6995 8012 5457 4906 5595 5579 4985 5298 8703 8215 2164 11153 2570 3091 0 7232 5937 4952 6534 6750 3042 6307 5815 12377 6176 12537 698 5062 5175 8853 11229 2080 1147 6615 10950 6131 8910 2426 7192 9547 6402 8813 8183 1101 7160 5085 7276 8705 7600 9416 6363 4895 5742 5975 3984 6410 4374 6015 6507 7017 7279 10114 6047 5458 6028 1880 5227 7227 6970 6841 7484 12257 8674 2087 9009 11814 1258 5353 7394 963 7410 1813 6108 7848 5389 8439 8707 9131 3308 10749 6727 1573 7638 5145 434 8556 3316 2124 8603 6723 1493 10014 9566 3886 5139 8577 7168 5333 7694 3218 5489 7305 3451 3583 8902 10337 2622 2098 1004 877 6863 10180 7645 5634 6542 6523 9652 8653 3692 3056 5218 7182 7423 11921 2811 3412 11325 3206 5290 8019 5441 3362 9738 7804 647 12819 8864 3974 13819 7081 3527 2497 10712 14417 8297 4629 4140 6621 9405 8097 5608 6772 3404 819 14832 3439 6927 7254 5470 4560 2394 8388 2556 2969 5791 4358 3781 1685 7074 8935 2814 3565 7002 7570 7658 7613 6219 5758 7444 10236 2137 2218 8873 6056 7840 8019 1831 
10607 3871 9447 7705 13446 9017 9732 1637 4929 9481 7882 10565 4659 5068 7597 9014 8231 7232 0 6595 2280 702 482 4190 5427 6573 8821 1056 8981 6534 12294 12407 5713 11483 5152 6085 1801 7394 9693 16142 4806 3636 16779 2846 12167 9055 7955 3604 11675 1956 5149 14832 9750 9747 2337 1490 9179 5268 6536 7930 1217 13739 8461 13415 9624 2449 12690 10322 7796 12459 6533 14202 14073 3928 8701 12592 9319 5453 8258 8490 12585 338 6269 14642 7155 1920 7978 9975 9019 15939 5575 3924 11789 5489 5659 12512 6935 6798 15788 10548 9118 7207 13925 6073 6458 16798 11118 9151 7743 10532 2183 14926 8672 5317 10093 10683 10815 5346 11999 4610 8244 6694 6355 9197 17412 7131 9700 11424 709 6112 15885 10586 8908 2014 3242 3577 8365 4585 5628 7769 10438 1982 8453 1791 7074 6182 5274 6585 9263 1632 11206 10263 14313 10759 9729 7156 10861 7233 8575 3092 13853 5849 15329 2940 13054 10636 6413 11276 8317 11243 14486 2436 3120 6966 15620 6526 4591 5527 10164 11013 6703 10756 7297 4418 6793 14234 6442 14890 3487 3639 12490 11640 6680 5975 8914 12165 5564 5660 15251 5401 
4300 5074 8268 1110 6851 2422 3137 4958 1666 2886 1287 3970 4870 5655 5216 3367 2846 5937 6595 0 4315 5897 6113 5337 1168 122 6440 5539 6600 6447 5699 5812 2916 5292 3917 5162 5978 5013 3098 9547 5653 4887 10184 3999 5572 2460 4836 4681 5080 6639 4546 8237 3479 3152 4400 5105 2584 1953 473 10311 5378 7144 1866 6820 4177 5410 6095 3727 4057 5864 1290 7607 7478 4351 6320 5997 5870 4074 5877 6305 5990 6757 5258 8047 4124 5471 1911 3380 2502 9344 3194 4055 5194 1106 5610 5917 792 5783 9193 4407 3813 2666 7330 7430 4077 10203 5229 2556 2640 3937 4696 8331 9155 1278 3498 4990 6058 3363 5404 4673 8035 6941 5274 2602 10817 1708 3105 4829 5886 3715 9290 3991 8993 4581 6545 6786 5984 3126 2525 5388 3843 4613 2082 4804 2575 3801 1867 6094 6882 8227 4611 7882 7718 4964 6484 4775 8480 2360 1980 4877 7258 4708 8734 3655 6459 6621 6044 8895 9376 4648 7891 4159 5501 8331 9025 3381 6972 1068 3569 6248 4252 4161 2998 6081 2372 7639 1633 8295 6976 2956 5895 5045 4299 8074 8155 5570 1031 1903 8656 5950 
8327 3813 7167 5425 11166 6737 7452 643 2649 7201 5602 8285 4601 3332 7539 6734 5951 4952 2280 4315 0 1582 1798 3014 3147 4293 8763 1224 8923 4254 10014 10127 5239 9203 2872 3805 1743 7336 7413 13862 3330 3578 14499 2788 9887 6775 5675 3546 9395 2324 5091 12552 7470 7467 2077 1168 6899 2988 4256 7988 1063 11459 6181 11135 7344 2391 10410 8042 5516 10179 4253 11922 11793 3870 8643 10312 7039 5395 8200 6210 10305 2442 3989 12362 4875 1862 5698 7695 6739 13659 5517 1732 9509 3209 3379 10232 4655 4518 13508 8268 6838 4989 11645 5107 6400 14518 8838 6871 5463 8252 2241 12646 6832 3037 7813 8403 8535 5288 9719 2350 5964 4618 4075 6917 15132 4851 7420 9144 1571 6038 13605 8306 6670 918 3184 3519 8307 2305 3348 7711 8158 1676 6173 791 4794 6124 4190 4305 9205 3912 8926 10205 12033 8479 7449 7098 10803 4953 6295 2554 11573 5791 13049 1994 10774 8356 4133 11218 7053 8963 12206 1856 3178 6008 13340 4246 4649 3247 7884 8733 4423 8476 5321 3758 4513 11954 4162 12610 3429 2605 10210 9360 6622 5751 6634 9885 3284 4226 12971 3627 
9909 4573 8749 7007 12748 8319 9034 941 4231 8783 7184 9867 5361 4370 8299 8316 7533 6534 702 5897 1582 0 942 3492 4729 5875 9523 1242 9683 5836 11596 11709 5999 10785 4454 5387 2503 8096 8995 15444 4108 4338 16081 3548 11469 8357 7257 4306 10977 2658 5851 14134 9052 9049 1639 1928 8481 4570 5838 7228 519 13041 7763 12717 8926 3151 11992 9624 7098 11761 5835 13504 13375 4630 9403 11894 8621 6155 8960 7792 11887 1040 5571 13944 6457 2622 7280 9277 8321 15241 6277 3226 11091 4791 4961 11814 6237 6100 15090 9850 8420 6509 13227 5375 7160 16100 10420 8453 7045 9834 1481 14228 7974 4619 9395 9985 10117 6048 11301 3912 7546 5996 5657 8499 16714 6433 9002 10726 955 6798 15187 9888 8210 1678 3944 4279 9067 3887 4930 8471 9740 2436 7755 1551 6376 6884 4950 5887 9965 2330 10508 10965 13615 10061 9031 7858 11563 6535 7877 2394 13155 6551 14631 2754 12356 9938 5715 11978 7619 10545 13788 2616 2418 6268 14922 5828 3889 4829 9466 10315 6005 10058 6599 3720 6095 13536 5744 14192 4189 3365 11792 10942 7382 5277 8216 11467 4866 4986 14553 4703 
10125 3631 8965 7223 12964 8535 9250 1155 4447 8999 7400 10083 4419 4586 7357 8532 7749 6750 482 6113 1798 942 0 3708 4945 6091 8581 574 8741 6052 11812 11925 5231 11001 4670 5603 1561 7154 9211 15660 4324 3396 16297 2606 11685 8573 7473 3364 11193 1716 4909 14350 9268 9265 2259 1008 8697 4786 6054 8170 735 13257 7979 12933 9142 2209 12208 9840 7314 11977 6051 13720 13591 3688 8461 12110 8837 5213 8018 8008 12103 644 5787 14160 6673 1680 7496 9493 8537 15457 5335 3442 11307 5007 5177 12030 6453 6316 15306 10066 8636 6725 13443 5591 6218 16316 10636 8669 7261 10050 2423 14444 8190 4835 9611 10201 10333 5106 11517 4128 7762 6212 5873 8715 16930 6649 9218 10942 227 5856 15403 10104 8426 1532 3002 3337 8125 4103 5146 7529 9956 1500 7971 1309 6592 5942 4792 6103 9023 2114 10724 10023 13831 10277 9247 6916 10621 6751 8093 2736 13371 5609 14847 2458 12572 10154 5931 11036 7835 10761 14004 1954 3360 6484 15138 6044 4831 5045 9682 10531 6221 10274 6815 3940 6311 13752 5960 14408 3247 3157 12008 11158 6440 5933 8432 11683 5082 5178 14769 4919 
9637 6827 5257 6395 9256 4857 5542 3195 4979 5291 4698 8103 7615 878 10553 4824 4041 3042 4190 5337 3014 3492 3708 0 5707 5215 11777 3496 11937 2344 8104 8217 8253 10629 1420 1895 4757 10350 5531 11952 616 6592 12589 5802 8213 7583 3765 6560 7485 4912 8105 10642 8816 5763 1853 4182 5375 3384 5810 4974 2973 9549 6417 9225 9514 5405 8500 6132 3606 8269 6627 10012 9883 6884 11657 8402 5129 8409 11214 4300 8395 4352 2079 10452 2965 4876 7248 5785 7839 11749 8531 1282 10149 6127 1469 8322 4545 2608 11598 6358 4928 8003 9735 2093 9414 12608 6928 4961 7977 6568 2291 10736 4482 4889 6705 6493 6625 8302 9737 664 4054 2504 2165 6263 13222 7045 5510 7234 3481 9052 11695 6396 4718 3932 6198 6533 11321 2211 2812 10725 6248 4690 7419 3805 2884 9138 7204 2395 12219 5822 7016 13219 10123 6569 5539 10112 13817 7697 4385 1098 9663 8805 11139 5008 8864 6446 2223 14232 4127 7053 10296 4870 1518 2994 11430 2336 1635 5191 5974 6823 2513 6566 8335 744 2965 10044 6970 10700 6443 5619 8300 7450 9636 2737 4724 8273 5456 7240 11061 1211 
5180 3906 8638 2278 8019 3590 4305 3790 728 4054 2455 5138 3702 6025 4846 3737 3216 6307 5427 1168 3147 4729 4945 5707 0 1146 6070 4371 6230 6817 6867 6980 2546 6056 4287 5532 4810 4643 4266 10715 6023 3719 11352 2831 6740 3628 5206 3513 6248 5471 3378 9405 4323 4320 4770 3937 3752 2323 1109 10681 4210 8312 3034 7988 4197 4242 7263 4895 4427 7032 1106 8775 8646 3183 5950 7165 6240 2906 5507 6675 7158 5589 5628 9215 4494 4303 2551 4548 3592 10512 2824 4425 6362 420 5980 7085 1508 6153 10361 5121 4183 2296 8498 7800 3707 11371 5691 3724 2316 5105 4934 9499 9525 818 4666 5360 6428 2595 6572 5043 8405 7311 5644 3770 11985 1704 4273 5997 4718 3345 10458 5159 9363 3413 5377 5618 5614 3496 2895 5018 5011 3445 3026 3636 2945 3431 1497 6464 6512 7059 5779 7512 8886 5334 6854 4405 8110 1990 3148 5247 8426 3540 9902 2487 7627 6991 6414 8525 9746 5816 9059 2991 5871 8701 10193 3751 7342 516 4737 6618 4622 5329 2628 6451 2742 8807 1263 9463 5808 1788 7063 6213 3929 8444 8525 6738 251 1533 9824 6320 
4422 5052 8146 1180 6873 2444 3159 4936 1644 2908 1309 3992 4848 5533 5338 3245 2724 5815 6573 122 4293 5875 6091 5215 1146 0 6562 5517 6722 6325 5721 5834 3038 5414 3795 5040 5956 5135 3120 9569 5531 4865 10206 3977 5594 2482 4714 4659 5102 6617 4524 8259 3601 3174 4278 5083 2606 1831 595 10189 5356 7166 1888 6842 4299 5388 6117 3749 3935 5886 1412 7629 7500 4329 6442 6019 5748 4052 5999 6183 6012 6735 5136 8069 4002 5449 2033 3402 2624 9366 3316 3933 5216 1084 5488 5939 670 5661 9215 4285 3691 2788 7352 7308 4199 10225 5107 2578 2762 3959 4674 8353 9033 1256 3520 4868 5936 3341 5426 4551 7913 6819 5152 2624 10839 1830 3127 4851 5864 3837 9312 4013 8871 4559 6523 6764 6106 3004 2403 5510 3865 4591 2204 4782 2453 3923 1989 5972 7004 8205 4633 8004 7740 4842 6362 4897 8602 2482 2002 4755 7280 4686 8756 3633 6481 6499 5922 9017 9254 4670 7913 4137 5379 8209 9047 3259 6850 1046 3591 6126 4130 4183 3120 5959 2250 7661 1755 8317 6954 2934 5917 5067 4421 7952 8033 5592 1009 2025 8678 5828 
4214 4950 14708 5382 7053 6920 7471 8582 6798 7392 7079 4172 4668 12095 1224 9807 9286 12377 8821 6440 8763 9523 8581 11777 6070 6562 0 8281 1314 12887 8147 10500 3524 5090 10357 11602 7020 1427 6246 9749 12093 5185 10386 5975 5774 4194 11276 5217 7292 6865 4344 8439 3357 6014 10840 7595 6402 8393 5967 16751 9302 10962 5360 7022 3231 6372 10151 6349 10497 12040 5150 7809 8486 4893 1188 6199 12310 3872 1131 12745 10150 8483 11698 8249 10564 6901 4529 6988 3938 9546 3246 10495 5396 5650 12050 6119 7232 12223 9395 10847 10253 3774 7532 13870 3713 10405 11669 7238 3800 5209 11004 8533 15595 6888 5072 11430 12498 3475 5606 11113 14475 13381 11714 5514 11019 4732 6743 5835 8568 2725 9492 8685 15433 7845 6343 6584 1434 9566 8965 1350 9171 7087 4358 7972 9015 2639 4573 12534 876 8025 9057 1692 7920 11404 12924 1665 2156 4080 7748 11317 7460 4506 8936 6769 6661 13061 12484 2455 15816 5450 8421 6907 11941 14771 9227 9821 13412 6586 8019 12688 10692 5303 3442 12521 8812 7841 4807 8497 6774 6158 6619 5247 2141 14514 14595 5772 6321 4537 8858 12390 
9551 3331 8391 6649 12390 7961 8676 581 3873 8425 6826 9509 4119 4012 7057 7958 7175 6176 1056 5539 1224 1242 574 3496 4371 5517 8281 0 8441 5478 11238 11351 4757 10427 4096 5029 1261 6854 8637 15086 3812 3096 15723 2306 11111 7999 6899 3064 10619 1416 4609 13776 8694 8691 2559 686 8123 4212 5480 8470 1021 12683 7405 12359 8568 1909 11634 9266 6740 11403 5477 13146 13017 3388 8161 11536 8263 4913 7718 7434 11529 1218 5213 13586 6099 1380 6922 8919 7963 14883 5035 2868 10733 4433 4603 11456 5879 5742 14732 9492 8062 6151 12869 5589 5918 15742 10062 8095 6687 9476 2723 13870 7616 4261 9037 9627 9759 4806 10943 3554 7188 5638 5299 8141 16356 6075 8644 10368 347 5556 14829 9530 7852 958 2702 3037 7825 3529 4572 7229 9382 1194 7397 735 6018 5642 4218 5529 8723 2688 10150 9723 13257 9703 8673 6616 10321 6177 7519 3036 12797 5309 14273 1884 11998 9580 5357 10736 7535 10187 13430 1380 3660 6490 14564 5470 5131 4471 9108 9957 5647 9700 6241 4240 5737 13178 5386 13834 2947 2583 11434 10584 6140 6233 7858 11109 4508 4604 14195 4345 
2900 6186 14868 5542 5739 7080 7631 8742 6958 7552 7239 3834 5982 12255 1384 9967 9446 12537 8981 6600 8923 9683 8741 11937 6230 6722 1314 8441 0 13047 8307 10660 3684 3776 10517 11762 7180 1587 6406 8435 12253 5999 9072 6135 4460 4354 11436 5793 7452 7751 5658 7125 3121 6174 11000 7755 6562 8553 6127 16911 9462 11122 5520 5708 2423 6532 10311 6509 10657 12200 5310 7797 8646 5463 2502 4885 12470 5186 2445 12905 10310 8643 11858 6943 10724 7061 4689 7148 4098 8232 3406 10655 4082 5810 12210 4899 7392 12383 8081 11007 10413 3934 6218 14030 5027 9091 11829 7398 3960 5369 11164 7931 15755 7048 5232 11590 12658 4475 4292 11273 14635 13541 11874 5674 9705 4892 6903 5995 8728 2885 8178 8845 15593 8005 7657 7898 2748 9726 9125 2664 9331 7247 4518 8132 9175 3521 4733 12694 2190 9339 9217 1282 7300 11564 13084 1825 1880 4240 7908 11477 6278 5820 7622 6929 5765 13221 12644 2295 15976 5610 8581 7067 12101 14931 7913 9981 13572 6746 8179 12848 10852 5463 3602 12681 8972 7879 4967 7183 8088 6318 6779 5093 2301 14674 14755 4458 6481 4697 7544 12550 
10747 7937 2913 7505 8522 5967 5416 4897 6089 5495 5808 9213 8725 1466 11663 3080 3601 698 6534 6447 4254 5836 6052 2344 6817 6325 12887 5478 13047 0 5760 5873 9363 11739 2530 1285 5917 11460 6641 9608 1728 7702 10245 6912 9323 8693 1611 7670 5595 6578 9215 8298 9926 6873 4197 5292 6485 4494 6920 3864 5317 7205 7527 7789 10624 6515 6156 6538 2390 5925 7737 7668 7539 7994 12767 9184 2785 9519 12324 1956 6051 6696 1189 8108 2323 5986 8358 5899 8949 9405 9641 2610 11259 7237 875 8148 5655 664 9254 4014 2634 9113 7391 983 10524 10264 4584 5649 9087 7678 4635 8392 2708 5999 7815 4149 4281 9412 10847 1924 1710 494 1173 7373 10878 8155 6144 7052 5825 10162 9351 4202 2546 5042 7308 7643 12431 3321 3922 11835 3904 5800 8529 4915 3872 10248 8314 353 13329 8166 4672 14329 7779 4225 3195 11222 14927 8807 5139 3442 7319 9915 8795 6118 7282 4102 403 15342 2929 7437 7952 5980 3862 1884 9086 3066 2271 6301 4868 4479 2195 7584 9445 2116 4075 7700 8080 8356 7553 6729 6268 7954 10746 1627 2380 9383 6566 8350 8717 1133 
6007 10773 6561 4589 3782 3277 2562 10657 7365 2813 4412 4473 10569 7226 6923 3280 4063 5062 12294 5699 10014 11596 11812 8104 6867 5721 8147 11238 8307 5760 0 2353 6581 6999 7142 6209 11677 6720 2601 3848 7488 10586 4485 9698 4583 3953 4339 10380 855 12338 10245 2538 5186 2547 9957 10804 3115 7026 5758 8604 11077 2815 3833 3049 5884 11109 2004 1972 4498 3893 5761 1908 1779 10050 8027 4444 4163 9773 7584 4598 2003 12456 6025 2348 5139 11170 4316 2319 4209 3645 7181 8370 6519 6805 6635 3408 5359 5496 3494 2700 3176 5087 2493 6221 9614 4504 3522 3143 4551 2938 10395 2632 7448 6977 3075 3283 4351 9062 6107 7684 6328 5600 5939 3097 5118 5163 2594 2312 11585 6182 3591 1708 7286 10280 12244 12485 7691 7709 6666 7251 1856 10312 3841 10503 5220 8108 7020 5709 8589 13926 1088 9589 2019 3257 4777 6482 10187 5061 3719 9202 2029 10407 3147 9354 2542 4914 5881 10602 7669 2697 2192 9858 9622 6624 3326 5768 8031 6767 2130 4541 5591 2844 4997 7876 5501 1940 5852 2596 12675 8655 1528 3214 6788 6367 6448 4643 6730 6634 3123 6893 
8360 10886 4208 5118 6135 3580 3029 10770 7478 3108 4525 6826 10682 7339 9276 3393 4176 5175 12407 5812 10127 11709 11925 8217 6980 5834 10500 11351 10660 5873 2353 0 6976 9352 7255 6322 11790 9073 4254 3735 7601 10699 4372 9811 6936 6306 4452 10493 3208 12451 10358 4011 7539 4486 10070 10917 4098 7139 5871 6251 11190 1332 5140 5402 8237 11222 349 4151 4611 1540 5874 2863 2014 10163 10380 6797 3088 9886 9937 3917 350 12569 6138 3717 5252 11283 5971 3512 6562 3532 7294 8483 8872 6918 6748 5761 5472 5609 3381 1859 3289 6726 4846 6334 9727 4391 1289 3262 6700 5291 10508 2729 5095 7090 5428 1724 1998 9175 8460 7797 4163 5713 6052 4986 5005 5768 3757 4665 11698 7775 3478 1821 4933 10393 12357 12598 10044 7822 6779 9448 1969 10425 6142 10616 5333 8221 7133 5822 10942 14039 1443 11942 3360 1648 2678 8835 12540 6420 3832 9315 4382 10520 5500 9467 4895 2561 5994 12955 5316 5050 2079 9971 9735 5441 4091 5881 8144 6880 2481 2188 5704 5197 7058 7989 5614 2781 5965 4461 12788 8768 3881 5567 8359 6432 4095 6996 6843 6747 5476 7006 
4894 4192 11184 1992 7733 3396 4019 5058 3274 3868 3555 4852 3988 8571 2300 6283 5762 8853 5713 2916 5239 5999 5231 8253 2546 3038 3524 4757 3684 9363 6581 6976 0 5770 6833 8078 5096 2097 3980 10429 8569 4005 11066 3117 6454 3342 7752 3799 5962 5757 3664 9119 4037 4034 7316 4223 3466 4869 2443 13227 5778 8026 2748 7702 3911 4528 6977 4609 6973 8516 1626 8489 8360 3469 3404 6879 8786 3192 2961 9221 6872 5875 8174 8929 7040 4589 2265 4262 3306 10226 600 6971 6076 2126 8526 6799 3708 8699 10075 7323 6729 1494 8212 10346 3033 11085 8145 3714 2030 4819 7480 9213 12071 3364 4380 7906 8974 2481 6286 7589 10951 9857 8190 3484 11699 1418 3987 5711 5044 799 10172 5161 11909 4321 5663 5904 3068 6042 5441 2472 5647 3731 2740 4448 5491 1527 1049 9010 3966 7345 5533 4966 8600 7880 9400 1859 5564 1520 4224 7793 8140 3826 9616 3245 7341 9537 8960 5979 12292 5530 8773 3383 8417 11247 9907 6297 9888 3062 4495 9164 7168 5043 1584 8997 5288 8521 1283 9177 6094 2634 6777 5927 1383 10990 11071 6452 2797 1013 9538 8866 
992 9962 13560 4234 3217 5772 6323 9846 6554 6244 5931 2526 9758 10947 4252 8659 8138 11229 11483 5292 9203 10785 11001 10629 6056 5414 5090 10427 3776 11739 6999 9352 5770 0 9209 10454 10866 5113 5098 5905 10945 9775 6070 8887 2416 3046 10128 9569 6144 11527 9434 5341 1813 4866 9692 9993 5254 7245 4947 15603 10266 9814 4212 3950 1859 10298 9003 5201 9349 10892 4950 6489 7338 9239 6278 2555 11162 8962 6221 11597 9002 11645 10550 5635 9416 10359 3505 5840 2790 6040 6370 9347 480 5994 10902 3591 6084 11075 6627 9699 9105 4276 4506 12722 8803 5869 10521 6090 3740 4061 9856 6623 14447 6166 3924 10282 11350 8251 892 9965 13327 12233 10566 4366 5929 4352 5595 4687 10774 5371 6326 7537 14285 9469 11433 11674 6524 8418 7817 6440 8023 9501 3210 9692 7867 7297 6209 11386 5966 13115 7909 3398 5992 10256 11776 5223 3188 4250 6600 10169 4970 9596 3852 8543 4457 11913 11336 4131 14668 4302 7273 9047 10793 13623 5261 8673 12264 5956 6871 11540 9544 4155 4186 11373 7664 6571 5041 4891 11864 7844 5471 3785 5977 13366 13447 2356 5919 5823 3876 11242 
8217 5407 4351 4975 8294 3865 4580 3515 3559 4329 3278 6683 6195 1738 9133 3862 3079 2080 5152 3917 2872 4454 4670 1420 4287 3795 10357 4096 10517 2530 7142 7255 6833 9209 0 1245 4535 8930 4541 10990 1736 5172 11627 4382 7015 6163 2803 5140 6523 5196 6685 9680 7396 4595 2815 3662 4027 1964 4390 6394 3935 8587 4997 8263 8094 3985 7538 5170 2644 7307 5207 9050 8921 5464 10237 7440 4167 6989 9794 3338 7433 5314 1341 9490 2003 4028 5828 4823 6419 10787 7111 1228 8729 4707 1693 7360 3125 1866 10636 5396 3966 6583 8773 3513 7994 11646 5966 3999 6557 5380 3253 9774 5238 3469 5285 5531 5663 6882 8317 756 4118 3024 1357 4843 12260 5625 4548 6272 4443 7632 10733 5434 5076 3138 5102 5343 9901 791 1392 9305 5286 3270 5999 3361 1922 7718 5784 2177 10799 6784 6054 11799 9161 5607 4577 8692 12397 6277 3423 2060 8701 7385 10177 3588 7902 5484 2127 12812 5459 6091 9334 3450 2480 4414 10468 1374 3055 3771 5012 5861 1551 5604 6915 2164 1641 9082 5550 9738 5533 4199 7338 6488 8216 4157 4238 7013 4036 5820 10099 2033 
9462 6652 3362 6220 7361 4682 4131 4448 4804 4210 4523 7928 7440 1017 10378 2929 2316 1147 6085 5162 3805 5387 5603 1895 5532 5040 11602 5029 11762 1285 6209 6322 8078 10454 1245 0 5468 10175 5356 10057 1279 6417 10694 5627 8038 7408 1870 6385 5590 6129 7930 8747 8641 5588 3748 4595 5200 3209 5635 5149 4868 7654 6242 7330 9339 5230 6605 5253 1711 6374 6452 8117 7988 6709 11482 7899 3234 8234 11039 2405 6500 6247 184 8557 1070 4961 7073 4614 7664 9854 8356 2161 9974 5952 448 6863 4370 713 9703 4463 3033 7828 7840 2268 9239 10713 5033 4364 7802 6393 4186 8841 3993 4714 6530 4598 4730 8127 9562 1475 2873 1779 270 6088 11327 6870 4859 5767 5376 8877 9800 4501 3831 4071 6035 6358 11146 2036 2637 10550 4353 4515 7244 4294 2587 8963 7029 932 12044 7717 5121 13044 8228 4674 3644 9937 13642 7522 3854 2993 7768 8630 9244 4833 6969 4551 882 14057 4214 6152 8401 4695 3413 3169 9535 1781 1822 5016 4079 4928 910 6299 8160 1667 2790 8149 6795 8805 6466 5444 6405 6669 9461 2912 2993 8098 5281 7065 9166 788 
9990 2070 8830 7088 12829 8400 9115 1562 4312 8864 7265 9948 2858 5075 6614 8397 7614 6615 1801 5978 1743 2503 1561 4757 4810 5956 7020 1261 7180 5917 11677 11790 5096 10866 4535 5468 0 5753 9076 15525 5073 1835 16162 1979 11550 8438 7338 1803 11058 661 3348 14215 9133 9130 3820 873 8562 4651 5919 9731 2282 13122 7844 12798 9007 648 12073 9705 7179 11842 5916 13585 13456 2127 6900 11975 8702 3652 6457 7873 11968 1463 5652 14025 6538 507 7361 9358 8402 15322 4496 3475 11172 4872 5042 11895 6318 6181 15171 9931 8501 6590 13308 6850 4657 16181 10501 8534 7126 9915 3984 14309 8575 4700 9476 10066 10198 3545 11382 4093 7627 6361 5738 8580 16795 6514 9083 10807 1548 5495 15268 9969 8413 1397 1441 1776 6564 3968 5011 5968 9821 1365 7836 1174 6457 4381 4657 5968 7462 2249 10589 8462 13696 10142 9112 5643 9060 6616 7958 4297 13236 4048 14712 2323 12437 10019 5796 9475 8796 10626 13869 1819 4921 7751 15003 5909 6392 4910 9547 10396 6086 10139 6680 5501 6176 13617 5825 14273 1686 3022 11873 11023 4889 7494 8297 11548 4947 5043 14634 5370 
4237 4849 13281 3955 7076 5493 6044 7155 5371 5965 5652 4195 4645 10668 861 8380 7859 10950 7394 5013 7336 8096 7154 10350 4643 5135 1427 6854 1587 11460 6720 9073 2097 5113 8930 10175 5753 0 4819 9772 10666 4662 10409 4548 5797 2767 9849 4456 5865 6414 4321 8462 3380 4587 9413 6168 4975 6966 4540 15324 7875 9535 3933 7045 3254 5185 8724 4922 9070 10613 3723 7832 7703 4126 1307 6222 10883 3849 1108 11318 8723 7056 10271 8272 9137 5474 3102 5561 2649 9569 1819 9068 5419 4223 10623 6142 5805 10796 9418 9420 8826 2347 7555 12443 3690 10428 10242 5811 2373 4162 9577 8556 14168 5461 3723 10003 11071 3138 5629 9686 13048 11954 10287 4087 11042 3305 5316 5054 7141 1298 9515 7258 14006 6418 6320 6561 1411 8139 7538 1327 7744 5660 2931 6545 7588 2184 3146 11107 1869 8002 7630 2869 7943 9977 11497 238 3467 2653 6321 9890 7483 4483 8959 5342 6684 11634 11057 3882 14389 4873 8116 5480 10514 13344 9250 8394 11985 5159 6592 11261 9265 4386 2015 11094 7385 7864 3380 8520 6751 4731 6120 5270 864 13087 13168 5795 4894 3110 8881 10963 
4106 8172 8462 1988 3753 676 1225 8056 4764 1146 1811 2572 7968 5849 5022 3561 3040 6131 9693 3098 7413 8995 9211 5531 4266 3120 6246 8637 6406 6641 2601 4254 3980 5098 4541 5356 9076 4819 0 6449 5847 7985 7086 7097 2682 2052 5030 7779 1982 9737 7644 5139 3285 232 7356 8203 514 4425 3157 10505 8476 4716 1232 3722 3983 8508 3905 629 4251 5794 3160 4509 4380 7449 6126 2899 6064 7172 5683 6499 3904 9855 5452 4949 4318 8569 1717 742 2308 6246 4580 5769 4618 4204 5804 2819 2758 5977 6095 4601 4007 2486 4232 7624 7013 7105 5423 992 2446 1037 7794 5233 9349 4376 1174 5184 6252 6461 4206 5083 8229 7135 5468 732 7719 2562 497 1731 8984 3581 6192 2439 9187 7679 9643 9884 5790 5108 4065 5194 2925 7711 1888 7902 2769 5507 4419 6288 6688 11325 2811 7688 4620 5158 6678 4581 8286 2460 1502 6601 4160 7806 5636 6753 3361 6815 6238 8701 9570 1550 4793 7257 7021 8525 5927 3575 7166 4166 1773 6442 4446 1063 2804 6275 2900 4541 3251 5197 10074 6054 2797 1947 4187 8268 8349 2742 4129 4033 5558 6144 
