0 7570 9254 6232 6892 7306 11313 5937 8643 3188 12992 5044 10522 10903 8860 4631 12821 7637 6745 12232 6884 10747 7527 2616 4370 10158 9488 9069 7785 6990 
7570 0 6788 11962 5242 742 3743 7457 8165 5562 5422 7510 8056 8437 6394 7097 10355 1031 927 4662 4418 8281 5061 4954 3200 2588 8168 6603 359 1704 
9254 6788 0 12942 6222 6046 6207 8437 9145 12350 5360 14298 6822 5849 4700 13885 4363 7819 7715 4916 4248 3867 3361 9180 6012 6936 9148 3739 7147 8492 
6232 11962 12942 0 6720 11698 15705 4505 3797 9328 17384 11276 6120 7093 8242 10863 8579 12029 11137 16624 8694 9075 9581 7008 8762 14550 3794 9203 12177 11382 
6892 5242 6222 6720 0 4978 8985 2215 2923 9988 10664 11936 3630 4011 1968 11523 5929 5457 5353 9904 1974 3855 2861 6818 3650 7830 2926 2483 5457 6130 
7306 742 6046 11698 4978 0 4007 7193 7901 6304 5686 8252 7314 7695 5652 7839 9613 1773 1669 4926 3676 7539 4319 4690 2936 2852 7904 5861 1101 2446 
11313 3743 6207 15705 8985 4007 0 11200 11908 8125 1679 8161 9585 8612 7463 7678 9774 3676 4568 1291 7011 7700 6124 8697 6943 1155 11911 6502 3528 4323 
5937 7457 8437 4505 2215 7193 11200 0 2706 9033 12879 10981 4585 4966 3737 10568 6884 7524 6632 12119 4189 4810 5076 5863 4257 10045 3551 4698 7672 6877 
8643 8165 9145 3797 2923 7901 11908 2706 0 11739 13587 13687 2323 3296 4445 13274 4782 8232 7340 12827 4897 5278 5784 8569 5401 10753 845 5406 8380 7881 
3188 5562 12350 9328 9988 6304 8125 9033 11739 0 9804 1948 13618 13999 11956 1535 15917 4531 4635 9044 9980 13843 10623 3170 6338 6970 12584 12165 5203 3858 
12992 5422 5360 17384 10664 5686 1679 12879 13587 9804 0 9840 11264 10291 9142 8907 8927 5355 6247 760 8690 8309 7803 10376 8622 2834 13590 8181 5207 6002 
5044 7510 14298 11276 11936 8252 8161 10981 13687 1948 9840 0 15566 15947 13904 933 17865 6479 6583 9382 11928 15791 12571 5118 8286 7362 14532 14113 7151 5806 
10522 8056 6822 6120 3630 7314 9585 4585 2323 13618 11264 15566 0 973 2122 15153 2459 9087 8983 10504 3638 2955 3461 10448 7280 8430 2326 3083 8415 9760 
10903 8437 5849 7093 4011 7695 8612 4966 3296 13999 10291 15947 973 0 2043 15534 1918 9468 9364 9531 4019 1982 3376 10829 7661 8585 3299 2110 8796 10141 
8860 6394 4700 8242 1968 5652 7463 3737 4445 11956 9142 13904 2122 2043 0 13491 3961 7425 7321 8382 1976 1887 1339 8786 5618 6542 4448 961 6753 8098 
4631 7097 13885 10863 11523 7839 7678 10568 13274 1535 8907 933 15153 15534 13491 0 17452 6066 6170 8969 11515 15378 12158 4705 7873 6949 14119 13700 6738 5393 
12821 10355 4363 8579 5929 9613 9774 6884 4782 15917 8927 17865 2459 1918 3961 17452 0 11386 11282 8483 5937 2074 5294 12747 9579 10503 4785 3752 10714 12059 
7637 1031 7819 12029 5457 1773 3676 7524 8232 4531 5355 6479 9087 9468 7425 6066 11386 0 892 4595 5449 9312 6092 5021 3267 2521 8235 7634 672 673 
6745 927 7715 11137 5353 1669 4568 6632 7340 4635 6247 6583 8983 9364 7321 6170 11282 892 0 5487 5345 9208 5988 4129 2375 3413 7949 7530 1040 777 
12232 4662 4916 16624 9904 4926 1291 12119 12827 9044 760 9382 10504 9531 8382 8969 8483 4595 5487 0 7930 7549 7043 9616 7862 2074 12830 7421 4447 5242 
6884 4418 4248 8694 1974 3676 7011 4189 4897 9980 8690 11928 3638 4019 1976 11515 5937 5449 5345 7930 0 3863 887 6810 3642 5856 4900 2185 4777 6122 
10747 8281 3867 9075 3855 7539 7700 4810 5278 13843 8309 15791 2955 1982 1887 15378 2074 9312 9208 7549 3863 0 3220 10673 7505 8429 5281 1678 8640 9985 
7527 5061 3361 9581 2861 4319 6124 5076 5784 10623 7803 12571 3461 3376 1339 12158 5294 6092 5988 7043 887 3220 0 7453 4285 5209 5787 1542 5420 6765 
2616 4954 9180 7008 6818 4690 8697 5863 8569 3170 10376 5118 10448 10829 8786 4705 12747 5021 4129 9616 6810 10673 7453 0 3168 7542 9414 8995 5169 4374 
4370 3200 6012 8762 3650 2936 6943 4257 5401 6338 8622 8286 7280 7661 5618 7873 9579 3267 2375 7862 3642 7505 4285 3168 0 5788 6246 5827 3415 2620 
10158 2588 6936 14550 7830 2852 1155 10045 10753 6970 2834 7362 8430 8585 6542 6949 10503 2521 3413 2074 5856 8429 5209 7542 5788 0 10756 6751 2373 3168 
9488 8168 9148 3794 2926 7904 11911 3551 845 12584 13590 14532 2326 3299 4448 14119 4785 8235 7949 12830 4900 5281 5787 9414 6246 10756 0 5409 8383 8726 
9069 6603 3739 9203 2483 5861 6502 4698 5406 12165 8181 14113 3083 2110 961 13700 3752 7634 7530 7421 2185 1678 1542 8995 5827 6751 5409 0 6962 8307 
7785 359 7147 12177 5457 1101 3528 7672 8380 5203 5207 7151 8415 8796 6753 6738 10714 672 1040 4447 4777 8640 5420 5169 3415 2373 8383 6962 0 1345 
6990 1704 8492 11382 6130 2446 4323 6877 7881 3858 6002 5806 9760 10141 8098 5393 12059 673 777 5242 6122 9985 6765 4374 2620 3168 8726 8307 1345 0 

