0 7570 9254 6232 6892 7306 11313 5937 8643 3188 12992 5044 10522 10903 8860 4631 12821 7637 6745 12232 6884 10747 7527 2616 4370 10158 9488 9069 7785 6990 
7570 0 6788 11962 5242 742 3743 7457 8165 5562 5422 7510 8056 8437 6394 7097 10355 1031 927 4662 4418 8281 5061 4954 3200 2588 8168 6603 359 1704 
9254 6788 0 12942 6222 6046 6207 8437 9145 12350 5360 14298 6822 5849 4700 13885 4363 7819 7715 4916 4248 3867 3361 9180 6012 6936 9148 3739 7147 8492 
6232 11962 12942 0 6720 11698 15705 4505 3797 9328 17384 11276 6120 7093 8242 10863 8579 12029 11137 16624 8694 9075 9581 7008 8762 14550 3794 9203 12177 11382 
6892 5242 6222 6720 0 4978 8985 2215 2923 9988 10664 11936 3630 4011 1968 11523 5929 5457 5353 9904 1974 3855 2861 6818 3650 7830 2926 2483 5457 6130 
7306 742 6046 11698 4978 0 4007 7193 7901 6304 5686 8252 7314 7695 5652 7839 9613 1773 1669 4926 3676 7539 4319 4690 2936 2852 7904 5861 1101 2446 
11313 3743 6207 15705 8985 4007 0 11200 11908 8125 1679 8161 9585 8612 7463 7678 9774 3676 4568 1291 7011 7700 6124 8697 6943 1155 11911 6502 3528 4323 
5937 7457 8437 4505 2215 7193 11200 0 2706 9033 12879 10981 4585 4966 3737 10568 6884 7524 6632 12119 4189 4810 5076 5863 4257 10045 3551 4698 7672 6877 
8643 8165 9145 3797 2923 7901 11908 2706 0 11739 13587 13687 2323 3296 4445 13274 4782 8232 7340 12827 4897 5278 5784 8569 5401 10753 845 5406 8380 7881 
3188 5562 12350 9328 9988 6304 8125 9033 11739 0 9804 1948 13618 13999 11956 1535 15917 4531 4635 9044 9980 13843 10623 3170 6338 6970 12584 12165 5203 3858 
12992 5422 5360 17384 10664 5686 1679 12879 13587 9804 0 9840 11264 10291 9142 8907 8927 5355 6247 760 8690 8309 7803 10376 8622 2834 13590 8181 5207 6002 
5044 7510 14298 11276 11936 8252 8161 10981 13687 1948 9840 0 15566 15947 13904 933 17865 6479 6583 9382 11928 15791 12571 5118 8286 7362 14532 14113 7151 5806 
10522 8056 6822 6120 3630 7314 9585 4585 2323 13618 11264 15566 0 973 2122 15153 2459 9087 8983 10504 3638 2955 3461 10448 7280 8430 2326 3083 8415 9760 
10903 8437 5849 7093 4011 7695 8612 4966 3296 13999 10291 15947 973 0 2043 15534 1918 9468 9364 9531 4019 1982 3376 10829 7661 8585 3299 2110 8796 10141 
8860 6394 4700 8242 1968 5652 7463 3737 4445 11956 9142 13904 2122 2043 0 13491 3961 7425 7321 8382 1976 1887 1339 8786 5618 6542 4448 961 6753 8098 
4631 7097 13885 10863 11523 7839 7678 10568 13274 1535 8907 933 15153 15534 13491 0 17452 6066 6170 8969 11515 15378 12158 4705 7873 6949 14119 13700 6738 5393 
12821 10355 4363 8579 5929 9613 9774 6884 4782 15917 8927 17865 2459 1918 3961 17452 0 11386 11282 8483 5937 2074 5294 12747 9579 10503 4785 3752 10714 12059 
7637 1031 7819 12029 5457 1773 3676 7524 8232 4531 5355 6479 9087 9468 7425 6066 11386 0 892 4595 5449 9312 6092 5021 3267 2521 8235 7634 672 673 
6745 927 7715 11137 5353 1669 4568 6632 7340 4635 6247 6583 8983 9364 7321 6170 11282 892 0 5487 5345 9208 5988 4129 2375 3413 7949 7530 1040 777 
12232 4662 4916 16624 9904 4926 1291 12119 12827 9044 760 9382 10504 9531 8382 8969 8483 4595 5487 0 7930 7549 7043 9616 7862 2074 12830 7421 4447 5242 
6884 4418 4248 8694 1974 3676 7011 4189 4897 9980 8690 11928 3638 4019 1976 11515 5937 5449 5345 7930 0 3863 887 6810 3642 5856 4900 2185 4777 6122 
10747 8281 3867 9075 3855 7539 7700 4810 5278 13843 8309 15791 2955 1982 1887 15378 2074 9312 9208 7549 3863 0 3220 10673 7505 8429 5281 1678 8640 9985 
7527 5061 3361 9581 2861 4319 6124 5076 5784 10623 7803 12571 3461 3376 1339 12158 5294 6092 5988 7043 887 3220 0 7453 4285 5209 5787 1542 5420 6765 
2616 4954 9180 7008 6818 4690 8697 5863 8569 3170 10376 5118 10448 10829 8786 4705 12747 5021 4129 9616 6810 10673 7453 0 3168 7542 9414 8995 5169 4374 
4370 3200 6012 8762 3650 2936 6943 4257 5401 6338 8622 8286 7280 7661 5618 7873 9579 3267 2375 7862 3642 7505 4285 3168 0 5788 6246 5827 3415 2620 
10158 2588 6936 14550 7830 2852 1155 10045 10753 6970 2834 7362 8430 8585 6542 6949 10503 2521 3413 2074 5856 8429 5209 7542 5788 0 10756 6751 2373 3168 
9488 8168 9148 3794 2926 7904 11911 3551 845 12584 13590 14532 2326 3299 4448 14119 4785 8235 7949 12830 4900 5281 5787 9414 6246 10756 0 5409 8383 8726 
9069 6603 3739 9203 2483 5861 6502 4698 5406 12165 8181 14113 3083 2110 961 13700 3752 7634 7530 7421 2185 1678 1542 8995 5827 6751 5409 0 6962 8307 
7785 359 7147 12177 5457 1101 3528 7672 8380 5203 5207 7151 8415 8796 6753 6738 10714 672 1040 4447 4777 8640 5420 5169 3415 2373 8383 6962 0 1345 
6990 1704 8492 11382 6130 2446 4323 6877 7881 3858 6002 5806 9760 10141 8098 5393 12059 673 777 5242 6122 9985 6765 4374 2620 3168 8726 8307 1345 0 

0 11099 8188 2398 3314 9257 8781 2407 15230 4632 6413 9297 8741 7090 11643 11008 9685 8835 9175 10020 9579 13772 6680 4889 9607 16680 7964 9956 7078 4769 
11099 0 6853 13497 12037 12804 2624 10700 10121 6467 4686 1802 3536 13711 13974 15277 3772 7560 11214 16197 12680 6211 4419 12446 9052 9501 17837 5271 4021 6330 
8188 6853 0 6644 5184 5951 4535 5781 7042 5360 3641 5051 4495 6858 7121 8424 3081 707 4361 9344 5827 5584 2434 5593 2199 8492 10984 1768 2832 6397 
2398 13497 6644 0 1460 7357 11179 2797 13330 7030 8811 11695 11139 5190 9743 9108 9725 6935 7275 8120 7679 11872 9078 2989 7707 14780 6064 8226 9476 7167 
3314 12037 5184 1460 0 5943 9719 1337 11916 5570 7351 10235 9679 3776 8329 7694 8265 5521 5861 6706 6265 10458 7618 1575 6293 13366 5800 6766 8016 5707 
9257 12804 5951 7357 5943 0 10486 6850 5973 6429 8118 11002 10446 2167 2386 2473 9032 5244 1590 3393 322 6593 8385 4368 3752 7423 5033 7533 8783 7466 
8781 2624 4535 11179 9719 10486 0 8382 9745 4149 2368 3328 912 11393 11656 12959 4200 5242 8896 13879 10362 8287 2101 10128 6734 11195 15519 4471 1703 4012 
2407 10700 5781 2797 1337 6850 8382 0 12823 4233 6014 8898 8342 4683 9236 8601 7278 6428 6768 7613 7172 11365 6281 2482 7200 14273 7137 7549 6679 4370 
15230 10121 7042 13330 11916 5973 9745 12823 0 12402 10683 8319 10657 8140 3853 5156 6349 6395 6055 6076 5651 3910 8700 10341 5623 1450 7716 5274 8784 13439 
4632 6467 5360 7030 5570 6429 4149 4233 12402 0 1781 5985 4109 7244 8815 8810 6857 6007 6347 9730 6751 10944 3702 5979 6779 13852 11370 7128 3618 1037 
6413 4686 3641 8811 7351 8118 2368 6014 10683 1781 0 4266 2328 9025 9288 10591 5138 4288 6528 11511 7994 9225 1983 7760 5060 12133 13151 5409 1899 2756 
9297 1802 5051 11695 10235 11002 3328 8898 8319 5985 4266 0 4240 11909 12172 13475 1970 5758 9412 14395 10878 4959 2617 10644 7250 7867 16035 3469 2367 7022 
8741 3536 4495 11139 9679 10446 912 8342 10657 4109 2328 4240 0 11353 11616 12919 5112 5202 8856 13839 10322 9199 2061 10088 6694 12107 15479 5383 1873 3972 
7090 13711 6858 5190 3776 2167 11393 4683 8140 7244 9025 11909 11353 0 4553 3918 9939 6151 2497 2930 2489 7500 9292 2201 4659 9590 4126 8440 9690 7381 
11643 13974 7121 9743 8329 2386 11656 9236 3853 8815 9288 12172 11616 4553 0 1303 10202 6414 2760 2223 2064 7763 9555 6754 4922 5037 3863 8703 9953 9852 
11008 15277 8424 9108 7694 2473 12959 8601 5156 8810 10591 13475 12919 3918 1303 0 11505 7717 4063 988 2597 9066 10858 6119 6225 5776 3044 10006 11256 9217 
9685 3772 3081 9725 8265 9032 4200 7278 6349 6857 5138 1970 5112 9939 10202 11505 0 3788 7442 12425 8908 4087 3155 8674 5280 6995 14065 1499 3239 7894 
8835 7560 707 6935 5521 5244 5242 6428 6395 6007 4288 5758 5202 6151 6414 7717 3788 0 3654 8637 5120 4937 3141 4886 1492 7845 10277 2289 3539 7044 
9175 11214 4361 7275 5861 1590 8896 6768 6055 6347 6528 9412 8856 2497 2760 4063 7442 3654 0 4983 1466 5003 6795 4286 2162 7505 6623 5943 7193 7384 
10020 16197 9344 8120 6706 3393 13879 7613 6076 9730 11511 14395 13839 2930 2223 988 12425 8637 4983 0 3517 9986 11778 5131 7145 6696 2056 10926 12176 9867 
9579 12680 5827 7679 6265 322 10362 7172 5651 6751 7994 10878 10322 2489 2064 2597 8908 5120 1466 3517 0 6469 8261 4690 3628 7101 5157 7409 8659 7788 
13772 6211 5584 11872 10458 6593 8287 11365 3910 10944 9225 4959 9199 7500 7763 9066 4087 4937 5003 9986 6469 0 7242 8883 4165 3290 11626 3816 7326 11981 
6680 4419 2434 9078 7618 8385 2101 6281 8700 3702 1983 2617 2061 9292 9555 10858 3155 3141 6795 11778 8261 7242 0 8027 4633 10150 13418 3426 398 4739 
4889 12446 5593 2989 1575 4368 10128 2482 10341 5979 7760 10644 10088 2201 6754 6119 8674 4886 4286 5131 4690 8883 8027 0 4718 11791 5391 7175 8425 6116 
9607 9052 2199 7707 6293 3752 6734 7200 5623 6779 5060 7250 6694 4659 4922 6225 5280 1492 2162 7145 3628 4165 4633 4718 0 7073 8785 3781 5031 7816 
16680 9501 8492 14780 13366 7423 11195 14273 1450 13852 12133 7867 12107 9590 5037 5776 6995 7845 7505 6696 7101 3290 10150 11791 7073 0 8716 6724 10234 14889 
7964 17837 10984 6064 5800 5033 15519 7137 7716 11370 13151 16035 15479 4126 3863 3044 14065 10277 6623 2056 5157 11626 13418 5391 8785 8716 0 12566 13816 11507 
9956 5271 1768 8226 6766 7533 4471 7549 5274 7128 5409 3469 5383 8440 8703 10006 1499 2289 5943 10926 7409 3816 3426 7175 3781 6724 12566 0 3510 8165 
7078 4021 2832 9476 8016 8783 1703 6679 8784 3618 1899 2367 1873 9690 9953 11256 3239 3539 7193 12176 8659 7326 398 8425 5031 10234 13816 3510 0 4655 
4769 6330 6397 7167 5707 7466 4012 4370 13439 1037 2756 7022 3972 7381 9852 9217 7894 7044 7384 9867 7788 11981 4739 6116 7816 14889 11507 8165 4655 0 

0 4485 9053 3341 11751 6556 8774 10498 11377 8626 5416 5271 6560 8901 4106 14050 11761 733 1940 8677 8591 10517 10585 2348 4522 9583 2949 1798 7904 3340 
4485 0 8132 7746 7266 5097 4557 9577 10456 7071 6337 4350 4047 7980 4227 9565 10840 5218 2545 7082 6368 6870 6100 2327 3601 6302 6584 4031 6983 6881 
9053 8132 0 8062 6950 3035 3973 2061 2324 3825 14469 4470 4085 2328 12359 9249 2708 8532 9665 3876 3790 5716 5784 6705 4531 4782 6900 10851 1149 7197 
3341 7746 8062 0 15012 9817 12035 7157 8036 11887 8757 3592 9821 10390 7367 17311 8420 2820 5201 11938 11852 13778 13846 5419 6913 12844 1162 5139 8807 865 
11751 7266 6950 15012 0 5195 2977 9011 8286 4357 9051 11420 5191 5266 7645 2299 8126 12484 9811 4368 3654 4156 1166 9593 8099 3588 13850 11297 6205 14147 
6556 5097 3035 9817 5195 0 2218 4480 5359 2070 11434 6225 1050 2883 9324 7494 5743 7289 6630 2121 2035 3961 4029 4398 2904 3027 8655 7816 1886 8952 
8774 4557 3973 12035 2977 2218 0 6034 5899 2514 10894 8443 2214 3423 8784 5276 6283 9507 6834 2525 1811 2313 1811 6616 5122 1745 10873 8320 3228 11170 
10498 9577 2061 7157 9011 4480 6034 0 879 5886 15914 5227 5530 4389 13804 11310 1641 9977 11110 5937 5851 7777 7845 8150 5976 6843 7549 12296 2806 7158 
11377 10456 2324 8036 8286 5359 5899 879 0 5161 16793 6106 6409 3664 14683 10585 916 10856 11989 5212 5126 7052 7120 9029 6855 6118 8428 13175 3473 8037 
8626 7071 3825 11887 4357 2070 2514 5886 5161 0 13408 8295 3024 1497 11298 5424 4245 9359 8604 51 703 1891 3195 6468 4974 957 10725 9790 3080 11022 
5416 6337 14469 8757 9051 11434 10894 15914 16793 13408 0 10687 10384 14317 2110 9408 17177 5937 4804 13419 12705 13207 10213 7764 9938 12639 8365 4188 13320 8756 
5271 4350 4470 3592 11420 6225 8443 5227 6106 8295 10687 0 6229 6798 8577 13719 6490 4750 5883 8346 8260 10186 10254 2923 3321 9252 2430 7069 5215 2727 
6560 4047 4085 9821 5191 1050 2214 5530 6409 3024 10384 6229 0 3933 8274 7490 6793 7293 5580 3035 2321 3957 4025 4402 2908 3023 8659 6766 2936 8956 
8901 7980 2328 10390 5266 2883 3423 4389 3664 1497 14317 6798 3933 0 12207 6921 2860 8380 9513 1548 1612 3388 4104 6553 4379 2454 9228 10699 1583 9525 
4106 4227 12359 7367 7645 9324 8784 13804 14683 11298 2110 8577 8274 12207 0 9944 15067 4839 2694 11309 10595 11097 8103 5654 7828 10529 6255 3652 11210 6646 
14050 9565 9249 17311 2299 7494 5276 11310 10585 5424 9408 13719 7490 6921 9944 0 9669 14783 12110 5373 5459 4083 3465 11892 10398 4467 16149 13596 8504 16446 
11761 10840 2708 8420 8126 5743 6283 1641 916 4245 17177 6490 6793 2860 15067 9669 0 11240 12373 4296 4472 6136 6964 9413 7239 5202 8812 13559 3857 8421 
733 5218 8532 2820 12484 7289 9507 9977 10856 9359 5937 4750 7293 8380 4839 14783 11240 0 2673 9410 9324 11250 11318 2891 4385 10316 2428 2319 7383 2819 
1940 2545 9665 5201 9811 6630 6834 11110 11989 8604 4804 5883 5580 9513 2694 12110 12373 2673 0 8615 7901 8577 8645 2960 5134 7835 4039 1486 8516 4336 
8677 7082 3876 11938 4368 2121 2525 5937 5212 51 13419 8346 3035 1548 11309 5373 4296 9410 8615 0 714 1840 3206 6519 5025 906 10776 9801 3131 11073 
8591 6368 3790 11852 3654 2035 1811 5851 5126 703 12705 8260 2321 1612 10595 5459 4472 9324 7901 714 0 1926 2492 6433 4939 992 10690 9087 3045 10987 
10517 6870 5716 13778 4156 3961 2313 7777 7052 1891 13207 10186 3957 3388 11097 4083 6136 11250 8577 1840 1926 0 2994 8359 6865 934 12616 10063 4971 12913 
10585 6100 5784 13846 1166 4029 1811 7845 7120 3195 10213 10254 4025 4104 8103 3465 6964 11318 8645 3206 2492 2994 0 8427 6933 2426 12684 10131 5039 12981 
2348 2327 6705 5419 9593 4398 6616 8150 9029 6468 7764 2923 4402 6553 5654 11892 9413 2891 2960 6519 6433 8359 8427 0 2174 7425 4257 4146 5556 4554 
4522 3601 4531 6913 8099 2904 5122 5976 6855 4974 9938 3321 2908 4379 7828 10398 7239 4385 5134 5025 4939 6865 6933 2174 0 5931 5751 6320 3382 6048 
9583 6302 4782 12844 3588 3027 1745 6843 6118 957 12639 9252 3023 2454 10529 4467 5202 10316 7835 906 992 934 2426 7425 5931 0 11682 9129 4037 11979 
2949 6584 6900 1162 13850 8655 10873 7549 8428 10725 8365 2430 8659 9228 6255 16149 8812 2428 4039 10776 10690 12616 12684 4257 5751 11682 0 4747 7645 391 
1798 4031 10851 5139 11297 7816 8320 12296 13175 9790 4188 7069 6766 10699 3652 13596 13559 2319 1486 9801 9087 10063 10131 4146 6320 9129 4747 0 9702 5138 
7904 6983 1149 8807 6205 1886 3228 2806 3473 3080 13320 5215 2936 1583 11210 8504 3857 7383 8516 3131 3045 4971 5039 5556 3382 4037 7645 9702 0 7942 
3340 6881 7197 865 14147 8952 11170 7158 8037 11022 8756 2727 8956 9525 6646 16446 8421 2819 4336 11073 10987 12913 12981 4554 6048 11979 391 5138 7942 0 

0 6152 3679 9728 6410 5738 7021 3808 8877 2974 5688 8914 8839 7154 722 3666 6409 2705 5981 2562 4660 2816 3605 7989 5542 4208 6160 772 3291 8828 
6152 0 3637 6738 258 8728 7097 4146 5887 3178 8586 2762 5849 5666 6874 2486 6957 8857 8971 3590 8374 6346 8157 3609 1140 9206 3170 6924 7469 5838 
3679 3637 0 10375 3503 5091 3460 509 9524 2213 4949 5235 9486 3475 4401 2625 3320 6384 5334 1789 5901 3873 5684 7246 2497 6733 6807 4451 4996 9475 
9728 6738 10375 0 6872 15466 13835 10884 851 8162 15324 9354 3193 12404 9112 7750 13695 9499 15709 8586 8662 12544 8445 3129 7878 9494 3568 9124 7757 5522 
6410 258 3503 6872 0 8594 6963 4012 6021 3436 8452 2504 5983 5532 7132 2744 6823 9115 8837 3848 8632 6604 8415 3743 1006 9464 3304 7182 7727 5972 
5738 8728 5091 15466 8594 0 3151 4582 14615 7304 1818 6112 14577 3284 6354 7716 2539 6575 1067 6880 10398 4064 9343 12337 7588 9946 11898 6342 9029 14566 
7021 7097 3460 13835 6963 3151 0 3213 12984 5673 1489 4481 12946 1431 7743 6085 612 9726 2084 5249 9243 7215 9026 10706 5957 10075 10267 7793 8338 12935 
3808 4146 509 10884 4012 4582 3213 0 10033 2722 4440 5106 9995 3346 4530 3134 2811 6513 4825 2298 6030 4002 5813 7755 3006 6862 7316 4580 5125 9984 
8877 5887 9524 851 6021 14615 12984 10033 0 7311 14473 8503 3136 11553 8261 6899 12844 9088 14858 7735 8605 11693 8388 2278 7027 9437 3045 8273 7700 5465 
2974 3178 2213 8162 3436 7304 5673 2722 7311 0 7162 5940 7273 4242 3696 692 5533 5679 7547 424 5196 4382 4979 5033 2568 6028 4594 3746 4291 7262 
5688 8586 4949 15324 8452 1818 1489 4440 14473 7162 0 5970 14435 2920 6410 7574 1629 8393 751 6738 10256 5882 9201 12195 7446 9804 11756 6460 8887 14424 
8914 2762 5235 9354 2504 6112 4481 5106 8503 5940 5970 0 8465 3050 9636 5248 4341 11619 6355 6352 11136 9108 10919 6225 3372 11968 5786 9686 10231 8454 
8839 5849 9486 3193 5983 14577 12946 9995 3136 7273 14435 8465 0 11515 8223 6861 12806 8610 14820 7697 5469 11655 5252 4742 6989 6301 2679 8235 5548 2329 
7154 5666 3475 12404 5532 3284 1431 3346 11553 4242 2920 3050 11515 0 7876 4654 1291 9859 3305 4592 9376 7348 9159 9275 4526 10208 8836 7926 8471 11504 
722 6874 4401 9112 7132 6354 7743 4530 8261 3696 6410 9636 8223 7876 0 4388 7131 1983 6597 3284 4044 3432 2989 8711 6264 3592 5544 50 2675 8212 
3666 2486 2625 7750 2744 7716 6085 3134 6899 692 7574 5248 6861 4654 4388 0 5945 6371 7959 1104 5888 4794 5671 4621 1876 6720 4182 4438 4983 6850 
6409 6957 3320 13695 6823 2539 612 2811 12844 5533 1629 4341 12806 1291 7131 5945 0 9114 2014 5109 8631 6603 8414 10566 5817 9463 10127 7181 7726 12795 
2705 8857 6384 9499 9115 6575 9726 6513 9088 5679 8393 11619 8610 9859 1983 6371 9114 0 7642 5267 4431 3045 3376 10694 8247 3979 6043 1933 3062 8599 
5981 8971 5334 15709 8837 1067 2084 4825 14858 7547 751 6355 14820 3305 6597 7959 2014 7642 0 7123 10641 5131 9586 12580 7831 10189 12141 6585 9272 14809 
2562 3590 1789 8586 3848 6880 5249 2298 7735 424 6738 6352 7697 4592 3284 1104 5109 5267 7123 0 4784 3958 4567 5457 2980 5616 5018 3334 3879 7686 
4660 8374 5901 8662 8632 10398 9243 6030 8605 5196 10256 11136 5469 9376 4044 5888 8631 4431 10641 4784 0 7476 1055 10211 7764 832 5560 4056 1369 4168 
2816 6346 3873 12544 6604 4064 7215 4002 11693 4382 5882 9108 11655 7348 3432 4794 6603 3045 5131 3958 7476 0 6421 9415 5736 7024 8976 3420 6107 11644 
3605 8157 5684 8445 8415 9343 9026 5813 8388 4979 9201 10919 5252 9159 2989 5671 8414 3376 9586 4567 1055 6421 0 9994 7547 1049 5343 3001 688 5223 
7989 3609 7246 3129 3743 12337 10706 7755 2278 5033 12195 6225 4742 9275 8711 4621 10566 10694 12580 5457 10211 9415 9994 0 4749 11043 4651 8761 9306 7071 
5542 1140 2497 7878 1006 7588 5957 3006 7027 2568 7446 3372 6989 4526 6264 1876 5817 8247 7831 2980 7764 5736 7547 4749 0 8596 4310 6314 6859 6978 
4208 9206 6733 9494 9464 9946 10075 6862 9437 6028 9804 11968 6301 10208 3592 6720 9463 3979 10189 5616 832 7024 1049 11043 8596 0 6392 3604 1737 4620 
6160 3170 6807 3568 3304 11898 10267 7316 3045 4594 11756 5786 2679 8836 5544 4182 10127 6043 12141 5018 5560 8976 5343 4651 4310 6392 0 5556 4655 2668 
772 6924 4451 9124 7182 6342 7793 4580 8273 3746 6460 9686 8235 7926 50 4438 7181 1933 6585 3334 4056 3420 3001 8761 6314 3604 5556 0 2687 8224 
3291 7469 4996 7757 7727 9029 8338 5125 7700 4291 8887 10231 5548 8471 2675 4983 7726 3062 9272 3879 1369 6107 688 9306 6859 1737 4655 2687 0 5537 
8828 5838 9475 5522 5972 14566 12935 9984 5465 7262 14424 8454 2329 11504 8212 6850 12795 8599 14809 7686 4168 11644 5223 7071 6978 4620 2668 8224 5537 0 

0 1068 5761 5362 6232 2897 5198 2522 6392 9166 1296 7803 5414 8810 7183 2924 4690 7039 9109 3831 4926 3464 4434 4980 2599 7779 3901 675 5989 3168 
1068 0 6829 6430 5164 3837 6138 1636 7460 8226 528 8871 4346 9750 8123 1984 3750 8107 8041 2891 5994 3726 5374 4606 3539 8719 2961 517 5049 3570 
5761 6829 0 5287 11993 5170 7853 8283 1781 13777 6301 6876 11175 4783 2890 7535 9301 1688 14870 8442 6311 8075 6159 10741 5320 3970 8512 6436 10600 7779 
5362 6430 5287 0 11594 4771 7454 7884 3506 8490 5902 2441 10776 9486 7859 6472 5220 3599 14471 6587 1024 2788 5760 10342 4921 8455 8071 6037 6777 2860 
6232 5164 11993 11594 0 6823 4140 3710 12624 10476 5692 14035 1968 7500 9103 5122 6374 13271 2877 5141 11158 8890 5834 2356 6673 8023 5211 5557 7299 8734 
2897 3837 5170 4771 6823 0 2683 3113 5801 12063 4193 7212 6005 5913 4286 5821 7587 6448 9700 6728 4597 6361 1537 5571 298 4882 6798 3320 8886 6065 
5198 6138 7853 7454 4140 2683 0 4502 8484 14364 6494 9895 3322 3612 4963 8122 9888 9131 7017 9029 7018 8662 1694 2888 2599 3883 9099 5621 11187 8366 
2522 1636 8283 7884 3710 3113 4502 0 8914 9862 1992 10325 2892 8114 6487 3620 5386 9561 6587 4527 7448 5180 3738 2970 2963 7083 4597 1847 6685 5024 
6392 7460 1781 3506 12624 5801 8484 8914 0 11996 6932 5095 11806 5980 4353 7502 7520 647 15501 7617 4530 6294 6790 11372 5951 4949 9101 7067 8819 5998 
9166 8226 13777 8490 10476 12063 14364 9862 11996 0 7870 7091 12444 17976 16349 6242 4476 12089 9821 5335 7466 5702 13600 12832 11765 16945 5265 8743 3177 5998 
1296 528 6301 5902 5692 4193 6494 1992 6932 7870 0 8343 4874 10106 8479 1628 3394 7579 8569 2535 5466 3198 5730 4962 3895 9075 2605 873 4693 3042 
7803 8871 6876 2441 14035 7212 9895 10325 5095 7091 8343 0 13217 11075 9448 8913 7661 5188 16912 9028 2877 5145 8201 12783 7362 10044 10512 8478 9218 5301 
5414 4346 11175 10776 1968 6005 3322 2892 11806 12444 4874 13217 0 6392 8285 6202 7968 12453 3695 7109 10340 8072 5016 434 5855 7205 7179 4739 9267 7916 
8810 9750 4783 9486 7500 5913 3612 8114 5980 17976 10106 11075 6392 0 1893 11734 13500 6061 10087 12641 10510 12274 4376 5958 6211 1031 12711 9233 14799 11978 
7183 8123 2890 7859 9103 4286 4963 6487 4353 16349 8479 9448 8285 1893 0 10107 11873 4260 11980 11014 8883 10647 3269 7851 4584 1080 11084 7606 13172 10351 
2924 1984 7535 6472 5122 5821 8122 3620 7502 6242 1628 8913 6202 11734 10107 0 1766 8149 7999 907 6036 3768 7358 6590 5523 10703 1599 2501 3065 3612 
4690 3750 9301 5220 6374 7587 9888 5386 7520 4476 3394 7661 7968 13500 11873 1766 0 7613 9251 1367 4784 2516 9124 8356 7289 12469 2851 4267 1557 2360 
7039 8107 1688 3599 13271 6448 9131 9561 647 12089 7579 5188 12453 6061 4260 8149 7613 0 16148 8264 4623 6387 7437 12019 6598 5248 9748 7714 8912 6091 
9109 8041 14870 14471 2877 9700 7017 6587 15501 9821 8569 16912 3695 10087 11980 7999 9251 16148 0 7884 14035 11767 8711 4129 9550 10900 6400 8434 7694 11611 
3831 2891 8442 6587 5141 6728 9029 4527 7617 5335 2535 9028 7109 12641 11014 907 1367 8264 7884 0 6151 3883 8265 7497 6430 11610 1484 3408 2158 3727 
4926 5994 6311 1024 11158 4597 7018 7448 4530 7466 5466 2877 10340 10510 8883 6036 4784 4623 14035 6151 0 2268 6134 9906 4485 9479 7635 5601 6341 2424 
3464 3726 8075 2788 8890 6361 8662 5180 6294 5702 3198 5145 8072 12274 10647 3768 2516 6387 11767 3883 2268 0 7898 7638 6063 11243 5367 3333 4073 296 
4434 5374 6159 5760 5834 1537 1694 3738 6790 13600 5730 8201 5016 4376 3269 7358 9124 7437 8711 8265 6134 7898 0 4582 1835 3345 8335 4857 10423 7602 
4980 4606 10741 10342 2356 5571 2888 2970 11372 12832 4962 12783 434 5958 7851 6590 8356 12019 4129 7497 9906 7638 4582 0 5421 6771 7567 4305 9655 7482 
2599 3539 5320 4921 6673 298 2599 2963 5951 11765 3895 7362 5855 6211 4584 5523 7289 6598 9550 6430 4485 6063 1835 5421 0 5180 6500 3022 8588 5767 
7779 8719 3970 8455 8023 4882 3883 7083 4949 16945 9075 10044 7205 1031 1080 10703 12469 5248 10900 11610 9479 11243 3345 6771 5180 0 11680 8202 13768 10947 
3901 2961 8512 8071 5211 6798 9099 4597 9101 5265 2605 10512 7179 12711 11084 1599 2851 9748 6400 1484 7635 5367 8335 7567 6500 11680 0 3478 2088 5211 
675 517 6436 6037 5557 3320 5621 1847 7067 8743 873 8478 4739 9233 7606 2501 4267 7714 8434 3408 5601 3333 4857 4305 3022 8202 3478 0 5566 3177 
5989 5049 10600 6777 7299 8886 11187 6685 8819 3177 4693 9218 9267 14799 13172 3065 1557 8912 7694 2158 6341 4073 10423 9655 8588 13768 2088 5566 0 3917 
3168 3570 7779 2860 8734 6065 8366 5024 5998 5998 3042 5301 7916 11978 10351 3612 2360 6091 11611 3727 2424 296 7602 7482 5767 10947 5211 3177 3917 0 

0 6924 2094 2372 7154 9768 8483 5482 12323 8204 8143 11012 11371 8818 9780 4885 2012 3507 10948 9527 1676 7658 6139 6494 4158 3980 5728 4966 3214 1079 
6924 0 6340 4662 2662 5630 6705 4288 5399 5694 4895 5852 4447 4356 4620 11243 8936 8667 4024 5815 8022 6348 5151 4130 9318 6386 4634 8844 3710 8003 
2094 6340 0 1678 8334 10948 6389 3388 10229 6110 6049 12192 9277 6724 10960 6413 4106 2327 8854 7433 3192 8838 4045 4400 2978 1886 3634 2872 2828 3173 
2372 4662 1678 0 6656 9270 6111 3110 9951 5832 5771 10514 8999 6446 9282 6691 4384 4005 8576 7155 3470 7160 3767 4122 4656 1724 3356 4182 1150 3451 
7154 2662 8334 6656 0 2968 8699 6282 8061 7688 6889 3858 7109 6350 2626 8581 6610 10661 6686 7809 5478 3686 7145 6124 11312 8380 6628 10838 5506 6399 
9768 5630 10948 9270 2968 0 11313 8896 11029 10302 9503 2218 10077 8964 3634 5613 9224 13275 9654 10423 8092 2110 9759 8738 13926 10994 9242 13452 8120 9013 
8483 6705 6389 6111 8699 11313 0 3001 5892 1011 1810 12557 5650 2349 11325 12802 10495 5816 7839 1044 9581 9203 2344 2575 4827 4503 2755 3517 5269 9562 
5482 4288 3388 3110 6282 8896 3001 0 6841 2722 2661 10140 5889 3336 8908 9801 7494 4379 5466 4045 6580 6786 863 1012 5030 2098 346 4556 2268 6561 
12323 5399 10229 9951 8061 11029 5892 6841 0 4881 4180 8811 952 3543 7395 16642 14335 9656 1947 5002 13421 11747 6184 5829 8667 8343 6595 8031 9109 13402 
8204 5694 6110 5832 7688 10302 1011 2722 4881 0 799 11546 4639 1338 10314 12523 10216 5537 6828 1323 9302 8192 2065 1710 4548 4224 2476 3238 4990 9283 
8143 4895 6049 5771 6889 9503 1810 2661 4180 799 0 10747 3840 675 9515 12462 10155 5476 6029 1384 9241 7567 2004 1649 4487 4163 2415 3949 4929 9222 
11012 5852 12192 10514 3858 2218 12557 10140 8811 11546 10747 0 7859 10208 1416 7831 10468 14519 7436 11667 9336 3354 11003 9982 15170 12238 10486 14696 9364 10257 
11371 4447 9277 8999 7109 10077 5650 5889 952 4639 3840 7859 0 3301 6443 15690 13383 8704 2189 4760 12469 10795 5232 4877 8263 7391 5643 7789 8157 12450 
8818 4356 6724 6446 6350 8964 2349 3336 3543 1338 675 10208 3301 0 8976 13137 10830 6151 5490 1459 9916 8242 2679 2324 5162 4838 3090 4488 5604 9897 
9780 4620 10960 9282 2626 3634 11325 8908 7395 10314 9515 1416 6443 8976 0 9247 9236 13287 6020 10435 8104 4352 9771 8750 13938 11006 9254 13464 8132 9025 
4885 11243 6413 6691 8581 5613 12802 9801 16642 12523 12462 7831 15690 13137 9247 0 4341 8392 15267 13846 3221 4895 10458 10813 9043 8299 10047 9285 7533 4130 
2012 8936 4106 4384 6610 9224 10495 7494 14335 10216 10155 10468 13383 10830 9236 4341 0 4679 12960 11539 1132 7114 8151 8506 5668 5992 7740 6978 5226 933 
3507 8667 2327 4005 10661 13275 5816 4379 9656 5537 5476 14519 8704 6151 13287 8392 4679 0 9801 6860 5183 11165 3516 4537 989 2281 4033 2299 5155 4262 
10948 4024 8854 8576 6686 9654 7839 5466 1947 6828 6029 7436 2189 5490 6020 15267 12960 9801 0 6949 12046 10372 6285 5264 10452 7520 5768 9978 7734 12027 
9527 5815 7433 7155 7809 10423 1044 4045 5002 1323 1384 11667 4760 1459 10435 13846 11539 6860 6949 0 10625 8951 3388 3033 5871 5547 3799 4561 6313 10606 
1676 8022 3192 3470 5478 8092 9581 6580 13421 9302 9241 9336 12469 9916 8104 3221 1132 5183 12046 10625 0 5982 7237 7592 5834 5078 6826 6064 4312 921 
7658 6348 8838 7160 3686 2110 9203 6786 11747 8192 7567 3354 10795 8242 4352 4895 7114 11165 10372 8951 5982 0 7649 6628 11816 8884 7132 11342 6010 6903 
6139 5151 4045 3767 7145 9759 2344 863 6184 2065 2004 11003 5232 2679 9771 10458 8151 3516 6285 3388 7237 7649 0 1021 4167 2159 517 3693 2925 7218 
6494 4130 4400 4122 6124 8738 2575 1012 5829 1710 1649 9982 4877 2324 8750 10813 8506 4537 5264 3033 7592 6628 1021 0 5188 2514 766 4714 3280 7573 
4158 9318 2978 4656 11312 13926 4827 5030 8667 4548 4487 15170 8263 5162 13938 9043 5668 989 10452 5871 5834 11816 4167 5188 0 2932 4684 1310 5806 4913 
3980 6386 1886 1724 8380 10994 4503 2098 8343 4224 4163 12238 7391 4838 11006 8299 5992 2281 7520 5547 5078 8884 2159 2514 2932 0 1752 2458 2874 5059 
5728 4634 3634 3356 6628 9242 2755 346 6595 2476 2415 10486 5643 3090 9254 10047 7740 4033 5768 3799 6826 7132 517 766 4684 1752 0 4210 2514 6807 
4966 8844 2872 4182 10838 13452 3517 4556 8031 3238 3949 14696 7789 4488 13464 9285 6978 2299 9978 4561 6064 11342 3693 4714 1310 2458 4210 0 5332 6045 
3214 3710 2828 1150 5506 8120 5269 2268 9109 4990 4929 9364 8157 5604 8132 7533 5226 5155 7734 6313 4312 6010 2925 3280 5806 2874 2514 5332 0 4293 
1079 8003 3173 3451 6399 9013 9562 6561 13402 9283 9222 10257 12450 9897 9025 4130 933 4262 12027 10606 921 6903 7218 7573 4913 5059 6807 6045 4293 0 

0 13604 3900 2542 6267 9601 11631 5430 8683 7682 7391 6784 13791 5471 11181 915 6785 10071 8659 9088 11921 11456 8656 3621 4799 6153 11332 13880 6513 13177 
13604 0 12120 11062 7337 8683 6957 8174 4921 5922 6213 11134 807 8881 6831 12689 9349 5799 7757 8172 1683 2148 8236 9983 10555 7451 6982 276 7661 6503 
3900 12120 0 5582 5035 8233 10147 3946 7199 6198 5907 10684 12307 8431 7281 3535 8899 8587 7307 5188 10437 9972 4756 5847 1565 4669 7432 12396 4459 11693 
2542 11062 5582 0 3725 7059 9089 6896 6141 5140 6833 5102 11249 2929 12863 2047 4243 7529 6117 10770 9379 8914 10338 1079 6481 6803 13014 11338 8195 10635 
6267 7337 5035 3725 0 3334 5364 6349 4142 3857 6286 5649 7524 3396 12316 5352 3864 3804 2392 10223 5654 5473 9791 2646 5934 6256 12467 7613 7648 6910 
9601 8683 8233 7059 3334 0 2030 9547 7340 7055 9484 3339 7876 4130 15514 8686 2816 2884 942 13421 7742 8671 12989 5980 9132 9454 15665 8577 10846 3576 
11631 6957 10147 9089 5364 2030 0 7821 5614 5329 7758 5369 6150 6160 13788 10716 4846 1560 2972 11695 6016 6945 11263 8010 8582 7728 13939 6851 9120 1546 
5430 8174 3946 6896 6349 9547 7821 0 3253 2492 1961 11998 8361 9745 5967 4849 10213 6663 8621 3874 6491 6026 3442 7161 2381 723 6118 8450 1299 7747 
8683 4921 7199 6141 4142 7340 5614 3253 0 1001 2144 9791 5108 7538 8174 7768 8006 4456 6414 6081 3238 2773 5649 5062 5634 2530 8325 5197 3506 5160 
7682 5922 6198 5140 3857 7055 5329 2492 1001 0 2429 9506 6109 7253 8459 6767 7721 4171 6129 6366 4239 3774 5934 4669 4633 2399 8610 6198 3791 5495 
7391 6213 5907 6833 6286 9484 7758 1961 2144 2429 0 11935 6400 9682 6030 6476 10150 6600 8558 3937 4530 4065 3505 7098 4342 1238 6181 6489 1448 7304 
6784 11134 10684 5102 5649 3339 5369 11998 9791 9506 11935 0 10327 2253 17965 7149 1785 5335 3377 15872 10193 11122 15440 4837 11583 11905 18116 11028 13297 6915 
13791 807 12307 11249 7524 7876 6150 8361 5108 6109 6400 10327 0 8320 7638 12876 8542 4992 6950 8359 1870 2335 8423 10170 10742 7638 7789 701 7848 5696 
5471 8881 8431 2929 3396 4130 6160 9745 7538 7253 9682 2253 8320 0 15712 4896 1314 4600 3188 13619 7940 8869 13187 2584 9330 9652 15863 8775 11044 7706 
11181 6831 7281 12863 12316 15514 13788 5967 8174 8459 6030 17965 7638 15712 0 10816 16180 12630 14588 2093 7772 6843 2525 13128 6382 6060 501 7071 4668 13334 
915 12689 3535 2047 5352 8686 10716 4849 7768 6767 6476 7149 12876 4896 10816 0 5870 9156 7744 8723 11006 10541 8291 2706 4434 5238 10967 12965 6148 12262 
6785 9349 8899 4243 3864 2816 4846 10213 8006 7721 10150 1785 8542 1314 16180 5870 0 3550 1874 14087 8408 9337 13655 3164 9798 10120 16331 9243 11512 6392 
10071 5799 8587 7529 3804 2884 1560 6663 4456 4171 6600 5335 4992 4600 12630 9156 3550 0 1958 10537 4858 5787 10105 6450 7022 6570 12781 5693 7962 3106 
8659 7757 7307 6117 2392 942 2972 8621 6414 6129 8558 3377 6950 3188 14588 7744 1874 1958 0 12495 6816 7745 12063 5038 8206 8528 14739 7651 9920 4518 
9088 8172 5188 10770 10223 13421 11695 3874 6081 6366 3937 15872 8359 13619 2093 8723 14087 10537 12495 0 6489 6024 432 11035 4289 3967 2244 8448 2575 11241 
11921 1683 10437 9379 5654 7742 6016 6491 3238 4239 4530 10193 1870 7940 7772 11006 8408 4858 6816 6489 0 929 6553 8300 8872 5768 7923 1959 5978 5562 
11456 2148 9972 8914 5473 8671 6945 6026 2773 3774 4065 11122 2335 8869 6843 10541 9337 5787 7745 6024 929 0 6088 7835 8407 5303 6994 2424 5513 6491 
8656 8236 4756 10338 9791 12989 11263 3442 5649 5934 3505 15440 8423 13187 2525 8291 13655 10105 12063 432 6553 6088 0 10603 3857 3535 2676 8512 2143 10809 
3621 9983 5847 1079 2646 5980 8010 7161 5062 4669 7098 4837 10170 2584 13128 2706 3164 6450 5038 11035 8300 7835 10603 0 6746 7068 13279 10259 8460 9556 
4799 10555 1565 6481 5934 9132 8582 2381 5634 4633 4342 11583 10742 9330 6382 4434 9798 7022 8206 4289 8872 8407 3857 6746 0 3104 6533 10831 2894 10128 
6153 7451 4669 6803 6256 9454 7728 723 2530 2399 1238 11905 7638 9652 6060 5238 10120 6570 8528 3967 5768 5303 3535 7068 3104 0 6211 7727 1392 7274 
11332 6982 7432 13014 12467 15665 13939 6118 8325 8610 6181 18116 7789 15863 501 10967 16331 12781 14739 2244 7923 6994 2676 13279 6533 6211 0 7088 4819 13485 
13880 276 12396 11338 7613 8577 6851 8450 5197 6198 6489 11028 701 8775 7071 12965 9243 5693 7651 8448 1959 2424 8512 10259 10831 7727 7088 0 7937 6397 
6513 7661 4459 8195 7648 10846 9120 1299 3506 3791 1448 13297 7848 11044 4668 6148 11512 7962 9920 2575 5978 5513 2143 8460 2894 1392 4819 7937 0 8666 
13177 6503 11693 10635 6910 3576 1546 7747 5160 5495 7304 6915 5696 7706 13334 12262 6392 3106 4518 11241 5562 6491 10809 9556 10128 7274 13485 6397 8666 0 

0 5416 5846 8149 10101 525 4168 5583 8968 15195 9410 8205 4415 12155 5064 4411 3093 1190 7906 5530 13011 1802 14160 7201 7057 13129 4316 8947 4997 12706 
5416 0 890 5213 7173 4891 7852 751 6040 12267 10630 5277 2199 9227 8290 1483 2323 4226 5632 2602 10083 4836 11232 12493 10759 10201 1388 3531 10113 9778 
5846 890 0 6103 8063 5321 8282 1641 6930 13157 11060 6167 2629 10117 8720 2373 2753 4656 6062 3492 10973 5266 12122 12923 11189 11091 2278 4023 10543 10668 
8149 5213 6103 0 1960 7810 10585 4462 2805 7054 13363 7006 4932 9028 11023 3958 6214 9185 8365 3355 9234 7569 6019 15226 13492 7118 3963 2080 12846 7531 
10101 7173 8063 1960 0 9770 11089 6422 3309 6832 13867 7510 5686 9532 11527 5690 8174 11145 8869 4571 9738 8299 4249 15730 13996 7622 5785 4040 13350 8035 
525 4891 5321 7810 9770 0 3837 5058 8637 14864 9079 7874 4084 11824 4733 4080 2568 1375 7575 5199 12680 1471 13829 7602 6726 12798 3985 8422 5222 12375 
4168 7852 8282 10585 11089 3837 0 8019 7780 11027 5242 4037 5653 7987 896 6627 5529 5212 3738 7230 8843 3016 9992 4641 2907 8961 6622 11383 2261 8538 
5583 751 1641 4462 6422 5058 8019 0 5289 11516 10797 4526 2366 8476 8457 1392 2490 4723 5799 1851 9332 5003 10481 12660 10926 9450 1397 3364 10280 9027 
8968 6040 6930 2805 3309 8637 7780 5289 0 6227 10558 4201 4553 6223 8218 4557 7041 10012 5560 3438 6429 7166 5192 12421 10687 4313 4652 3603 10041 4726 
15195 12267 13157 7054 6832 14864 11027 11516 6227 0 7035 6990 10780 3040 10131 10784 13268 16239 7289 9665 2906 13393 2583 8898 8138 2066 10879 9134 10198 2489 
9410 10630 11060 13363 13867 9079 5242 10797 10558 7035 0 6357 8431 4335 4346 9405 8307 10454 4998 10008 4129 7608 9618 2209 2353 6245 9400 14161 4413 5832 
8205 5277 6167 7006 7510 7874 4037 4526 4201 6990 6357 0 3790 3950 4017 3794 6278 9249 1359 3651 4806 6403 5955 8220 6486 4924 3889 7804 5840 4501 
4415 2199 2629 4932 5686 4084 5653 2366 4553 10780 8431 3790 0 7740 6091 974 2488 5459 3491 1577 8596 2637 9745 10294 8560 8714 969 5730 7914 8291 
12155 9227 10117 9028 9532 11824 7987 8476 6223 3040 4335 3950 7740 0 7091 7744 10228 13199 4249 6625 856 10353 5283 6198 5098 1910 7839 9826 7158 1497 
5064 8290 8720 11023 11527 4733 896 8457 8218 10131 4346 4017 6091 7091 0 7065 5967 6108 2842 7668 7947 3454 9096 4203 2469 8065 7060 11821 1823 7642 
4411 1483 2373 3958 5690 4080 6627 1392 4557 10784 9405 3794 974 7744 7065 0 2484 5455 4407 1119 8600 3611 9749 11268 9534 8718 95 4756 8888 8295 
3093 2323 2753 6214 8174 2568 5529 2490 7041 13268 8307 6278 2488 10228 5967 2484 0 2971 5979 3603 11084 2513 12233 10170 8436 11202 2389 5854 7790 10779 
1190 4226 4656 9185 11145 1375 5212 4723 10012 16239 10454 9249 5459 13199 6108 5455 2971 0 8950 6574 14055 2846 15204 8267 8101 14173 5360 7757 6041 13750 
7906 5632 6062 8365 8869 7575 3738 5799 5560 7289 4998 1359 3491 4249 2842 4407 5979 8950 0 5010 5105 6104 6254 6861 5127 5223 4402 9163 4481 4800 
5530 2602 3492 3355 4571 5199 7230 1851 3438 9665 10008 3651 1577 6625 7668 1119 3603 6574 5010 0 7481 4214 8630 11871 10137 7599 1214 4153 9491 7176 
13011 10083 10973 9234 9738 12680 8843 9332 6429 2906 4129 4806 8596 856 7947 8600 11084 14055 5105 7481 0 11209 5489 5992 5954 2116 8695 10032 8014 1703 
1802 4836 5266 7569 8299 1471 3016 5003 7166 13393 7608 6403 2637 10353 3454 3611 2513 2846 6104 4214 11209 0 12358 7657 5923 11327 3606 8367 5277 10904 
14160 11232 12122 6019 4249 13829 9992 10481 5192 2583 9618 5955 9745 5283 9096 9749 12233 15204 6254 8630 5489 12358 0 11481 9747 3373 9844 8099 9163 3786 
7201 12493 12923 15226 15730 7602 4641 12660 12421 8898 2209 8220 10294 6198 4203 11268 10170 8267 6861 11871 5992 7657 11481 0 1734 8108 11263 16024 2380 7695 
7057 10759 11189 13492 13996 6726 2907 10926 10687 8138 2353 6486 8560 5098 2469 9534 8436 8101 5127 10137 5954 5923 9747 1734 0 6374 9529 14290 2060 5961 
13129 10201 11091 7118 7622 12798 8961 9450 4313 2066 6245 4924 8714 1910 8065 8718 11202 14173 5223 7599 2116 11327 3373 8108 6374 0 8813 7916 8132 423 
4316 1388 2278 3963 5785 3985 6622 1397 4652 10879 9400 3889 969 7839 7060 95 2389 5360 4402 1214 8695 3606 9844 11263 9529 8813 0 4761 8883 8390 
8947 3531 4023 2080 4040 8422 11383 3364 3603 9134 14161 7804 5730 9826 11821 4756 5854 7757 9163 4153 10032 8367 8099 16024 14290 7916 4761 0 13644 8329 
4997 10113 10543 12846 13350 5222 2261 10280 10041 10198 4413 5840 7914 7158 1823 8888 7790 6041 4481 9491 8014 5277 9163 2380 2060 8132 8883 13644 0 7709 
12706 9778 10668 7531 8035 12375 8538 9027 4726 2489 5832 4501 8291 1497 7642 8295 10779 13750 4800 7176 1703 10904 3786 7695 5961 423 8390 8329 7709 0 

0 7630 8088 4397 9057 5417 1144 5199 8697 6258 11335 6664 8770 4490 7508 8218 8274 10861 5230 5152 2465 2787 3026 7589 11820 11643 5317 3316 4478 1281 
7630 0 4622 4607 3177 2213 8774 12829 5151 2898 11125 5346 8560 3312 7298 1274 8064 10651 12860 12474 6197 4843 4604 15219 4190 11433 5107 7234 5280 8911 
8088 4622 0 9229 1445 3677 9232 13287 609 1830 6503 1424 7878 3598 6146 3348 3442 6029 13318 12932 6655 6895 6606 15677 3732 6811 5181 7692 9310 9369 
4397 4607 9229 0 7784 5552 5013 8412 9758 7505 15732 9953 13167 7919 11905 5881 12671 15258 8443 9549 6862 2334 2623 10802 8607 16040 9714 7713 863 5158 
9057 3177 1445 7784 0 3640 10201 14256 1974 2799 7948 2393 8847 4567 7115 1903 4887 7474 14287 13901 7624 6270 6031 16646 2763 8256 6150 8661 7865 10338 
5417 2213 3677 5552 3640 0 6561 10616 4206 1953 10180 4401 7615 2367 6353 2801 7119 9706 10647 10261 3984 3218 2929 13006 6403 10488 4162 5021 5633 6698 
1144 8774 9232 5013 10201 6561 0 4055 9841 7402 10719 7808 8154 5634 6892 9362 7658 10245 4086 4536 2577 3931 4170 6445 12964 11027 4701 2700 5094 145 
5199 12829 13287 8412 14256 10616 4055 0 13896 11457 9298 11863 5759 9689 7141 13417 10521 7850 183 2141 6632 7986 8225 2390 17019 8632 8106 5595 7549 3918 
8697 5151 609 9758 1974 4206 9841 13896 0 2439 5974 2033 8487 4207 6755 3877 3375 6576 13927 13541 7264 7424 7135 16286 3123 6282 5790 8301 9839 9978 
6258 2898 1830 7505 2799 1953 7402 11457 2439 0 8227 2448 6048 1768 4400 1960 5166 7753 11488 11102 4825 5171 4882 13847 5562 8535 3351 5862 7586 7539 
11335 11125 6503 15732 7948 10180 10719 9298 5974 8227 0 5779 3889 7813 3827 9851 3061 1978 9329 8943 8870 13398 13109 11688 7721 836 6018 8019 15813 10574 
6664 5346 1424 9953 2393 4401 7808 11863 2033 2448 5779 0 6454 2174 4722 4072 2718 5305 11894 11508 5231 7619 7330 14253 5156 6087 3757 6268 10034 7945 
8770 8560 7878 13167 8847 7615 8154 5759 8487 6048 3889 6454 0 5248 1732 8008 5112 2091 5576 5054 6305 10833 10544 7799 11610 3053 3453 5454 13248 8009 
4490 3312 3598 7919 4567 2367 5634 9689 4207 1768 7813 2174 5248 0 3986 3728 4752 7339 9720 9334 3057 5585 5296 12079 7330 8121 1795 4094 8000 5771 
7508 7298 6146 11905 7115 6353 6892 7141 6755 4400 3827 4722 1732 3986 0 6276 3380 3353 7172 6786 5043 9571 9282 9531 9878 4135 2191 4192 11986 6747 
8218 1274 3348 5881 1903 2801 9362 13417 3877 1960 9851 4072 8008 3728 6276 0 6790 9377 13448 13062 6785 5431 5192 15807 3602 10159 5311 7822 5962 9499 
8274 8064 3442 12671 4887 7119 7658 10521 3375 5166 3061 2718 5112 4752 3380 6790 0 3201 10552 10166 5809 10337 10048 12911 6498 3369 2957 4958 12752 7513 
10861 10651 6029 15258 7474 9706 10245 7850 6576 7753 1978 5305 2091 7339 3353 9377 3201 0 7667 6965 8396 12924 12635 9710 9699 1142 5544 7545 15339 10100 
5230 12860 13318 8443 14287 10647 4086 183 13927 11488 9329 11894 5576 9720 7172 13448 10552 7667 0 1958 6663 8017 8256 2359 17050 8493 8137 5626 7672 3949 
5152 12474 12932 9549 13901 10261 4536 2141 13541 11102 8943 11508 5054 9334 6786 13062 10166 6965 1958 0 6277 7631 7870 2745 16664 8107 7751 5240 9630 4391 
2465 6197 6655 6862 7624 3984 2577 6632 7264 4825 8870 5231 6305 3057 5043 6785 5809 8396 6663 6277 0 4528 4239 9022 10387 9178 2852 1037 6943 2714 
