0 7536 7799 7852 8905 5536 10139 11880 5574 8740 12762 6346 14002 8945 8316 6535 2991 9862 13222 5096 15206 11360 12123 9432 4737 10678 9298 4984 8140 15188 1598 14082 6775 10548 6669 15359 4301 6409 1906 12619 
7536 0 2261 9756 10809 7440 2603 13784 7478 10644 5226 1190 6466 9341 10220 8439 8533 3762 8078 2984 7670 9406 14027 1896 6641 12582 10518 2552 8950 7652 5938 6546 3103 3012 3517 7823 3235 8313 5630 7607 
7799 2261 0 12017 13070 9701 4508 16045 9739 12905 4963 1649 6663 11602 12481 10700 8796 6023 10339 2703 8251 11667 16288 2151 8902 14843 12779 2815 11211 8325 6201 7509 1024 2749 1256 7560 4026 10574 5893 9868 
7852 9756 12017 0 4369 2948 7509 4028 2278 1240 8032 10368 6990 1933 614 1559 8009 5994 6210 12740 8194 4348 4271 9866 5757 2826 2286 9384 1128 8176 8550 7070 12859 9770 13273 8347 7991 2999 9034 5607 
8905 10809 13070 4369 0 3369 8562 5333 3331 5609 10119 11421 11359 6302 3755 2810 5914 7219 10579 13793 12563 8717 4394 10919 4168 3093 6655 10437 5497 12545 9603 11439 13912 10823 14326 12716 9044 2496 10087 9976 
5536 7440 9701 2948 3369 0 6075 6344 682 4188 8698 8052 9938 4881 2780 1389 5061 5798 9158 10424 11142 7296 6587 7550 2809 5142 5234 7068 4076 11124 6234 10018 10543 7454 10957 11295 5675 873 6718 8555 
10139 2603 4508 7509 8562 6075 0 11537 5393 8397 2623 3793 3863 7094 7973 6192 11136 1515 5831 5231 5067 7159 11780 2357 8884 10335 8271 5155 6703 5049 8541 3943 5350 2261 5764 5220 5838 6126 8233 5360 
11880 13784 16045 4028 5333 6344 11537 0 6306 3140 12060 14396 9382 4443 3564 5345 8973 10022 5706 16768 7794 4378 939 13894 7143 2240 3266 13412 4834 7720 12578 8536 16887 13798 17301 9613 12019 5471 13062 6177 
5574 7478 9739 2278 3331 682 5393 6306 0 3506 8016 8090 9256 4199 2742 961 5743 5116 8476 10462 10460 6614 6549 7588 3491 5104 4552 7106 3394 10442 6272 9336 10581 7492 10995 10613 5713 835 6756 7873 
8740 10644 12905 1240 5609 4188 8397 3140 3506 0 8920 11256 6242 1303 1854 2799 9249 6882 4970 13628 6954 3108 3383 10754 6997 2516 1046 10272 1694 6936 9438 5830 13747 10658 14161 7107 8879 4239 9922 4367 
12762 5226 4963 8032 10119 8698 2623 12060 8016 8920 0 6416 2678 7617 8496 7309 13759 2900 6354 7666 4266 7682 12303 3330 11507 10858 8794 7778 7226 4340 11164 3524 5987 2214 6093 2597 8461 8749 10856 5883 
6346 1190 1649 10368 11421 8052 3793 14396 8090 11256 6416 0 7656 9953 10832 9051 7343 4374 8690 2372 8860 10018 14639 3086 7253 13194 11130 1362 9562 8842 4748 7736 2491 4202 2905 9013 2377 8925 4440 8219 
14002 6466 6663 6990 11359 9938 3863 9382 9256 6242 2678 7656 0 5057 7604 8549 14999 4140 3676 8906 1588 5004 9625 4570 12747 8266 6116 9018 5862 1662 12404 846 7505 4416 7919 1357 9701 9989 12096 3205 
8945 9341 11602 1933 6302 4881 7094 4443 4199 1303 7617 9953 5057 0 2547 3492 9942 5579 4277 12325 6261 2415 4686 9451 7690 3241 1177 8969 805 6243 8135 5137 12444 9355 12858 6414 7576 4932 8619 3674 
8316 10220 12481 614 3755 2780 7973 3564 2742 1854 8496 10832 7604 2547 0 1781 7395 6458 6824 13204 8808 4962 3807 10330 5143 2362 2900 9848 1742 8790 9014 7684 13323 10234 13737 8961 8455 2385 9498 6221 
6535 8439 10700 1559 2810 1389 6192 5345 961 2799 7309 9051 8549 3492 1781 0 6450 4677 7769 11423 9753 5907 5588 8549 4198 4143 3845 8067 2687 9735 7233 8629 11542 8453 11956 9906 6674 1440 7717 7166 
2991 8533 8796 8009 5914 5061 11136 8973 5743 9249 13759 7343 14999 9942 7395 6450 0 10859 14219 7879 16203 12357 9132 10429 2252 7687 10295 5981 9137 16185 3689 15079 7998 11545 8412 16356 5298 5010 4173 13616 
9862 3762 6023 5994 7219 5798 1515 10022 5116 6882 2900 4374 4140 5579 6458 4677 10859 0 4316 6746 5344 5644 10265 3872 8607 8820 6756 4878 5188 5326 8264 4220 6865 3776 7279 5497 5561 5849 7956 3845 
13222 8078 10339 6210 10579 9158 5831 5706 8476 4970 6354 8690 3676 4277 6824 7769 14219 4316 0 11062 2088 1862 6185 8188 11967 7486 3924 8238 5082 2014 11624 2830 11181 8092 11595 3907 8921 9209 11316 603 
5096 2984 2703 12740 13793 10424 5231 16768 10462 13628 7666 2372 8906 12325 13204 11423 7879 6746 11062 0 10110 12390 17011 4336 9625 15566 13502 3356 11934 10092 4190 8986 1679 5452 1573 10263 4749 11297 3706 10591 
15206 7670 8251 8194 12563 11142 5067 7794 10460 6954 4266 8860 1588 6261 8808 9753 16203 5344 2088 10110 0 3846 8169 6100 13951 9470 5908 10222 7066 74 13608 1124 9093 6004 9507 1819 10905 11193 13300 2587 
11360 9406 11667 4348 8717 7296 7159 4378 6614 3108 7682 10018 5004 2415 4962 5907 12357 5644 1862 12390 3846 0 4621 9516 10105 5624 2062 9034 3220 3828 9762 4158 12509 9420 12923 5235 7641 7347 9454 1799 
12123 14027 16288 4271 4394 6587 11780 939 6549 3383 12303 14639 9625 4686 3807 5588 9132 10265 6185 17011 8169 4621 0 14137 7386 1445 3509 13655 5077 8151 12821 8779 17130 14041 17544 9856 12262 5714 13305 6420 
9432 1896 2151 9866 10919 7550 2357 13894 7588 10754 3330 3086 4570 9451 10330 8549 10429 3872 8188 4336 6100 9516 14137 0 8177 12692 10628 4448 9060 6174 7834 5358 2993 1116 3407 5927 5131 8423 7526 7717 
4737 6641 8902 5757 4168 2809 8884 7143 3491 6997 11507 7253 12747 7690 5143 4198 2252 8607 11967 9625 13951 10105 7386 8177 0 5941 8043 6269 6885 13933 5435 12827 9744 9293 10158 14104 4876 2758 5919 11364 
10678 12582 14843 2826 3093 5142 10335 2240 5104 2516 10858 13194 8266 3241 2362 4143 7687 8820 7486 15566 9470 5624 1445 12692 5941 0 3562 12210 3632 9452 11376 8346 15685 12596 16099 9623 10817 4269 11860 6883 
9298 10518 12779 2286 6655 5234 8271 3266 4552 1046 8794 11130 6116 1177 2900 3845 10295 6756 3924 13502 5908 2062 3509 10628 8043 3562 0 10146 1568 5890 9312 5270 13621 10532 14035 6347 8753 5285 9796 3321 
4984 2552 2815 9384 10437 7068 5155 13412 7106 10272 7778 1362 9018 8969 9848 8067 5981 4878 8238 3356 10222 9034 13655 4448 6269 12210 10146 0 8578 10204 3386 9098 3475 5564 3889 10375 1393 7941 3078 7635 
8140 8950 11211 1128 5497 4076 6703 4834 3394 1694 7226 9562 5862 805 1742 2687 9137 5188 5082 11934 7066 3220 5077 9060 6885 3632 1568 8578 0 7048 7744 5942 12053 8964 12467 7219 7185 4127 8228 4479 
15188 7652 8325 8176 12545 11124 5049 7720 10442 6936 4340 8842 1662 6243 8790 9735 16185 5326 2014 10092 74 3828 8151 6174 13933 9452 5890 10204 7048 0 13590 1106 9167 6078 9581 1893 10887 11175 13282 2569 
1598 5938 6201 8550 9603 6234 8541 12578 6272 9438 11164 4748 12404 8135 9014 7233 3689 8264 11624 4190 13608 9762 12821 7834 5435 11376 9312 3386 7744 13590 0 12484 5177 8950 5071 13761 2703 7107 484 11021 
14082 6546 7509 7070 11439 10018 3943 8536 9336 5830 3524 7736 846 5137 7684 8629 15079 4220 2830 8986 1124 4158 8779 5358 12827 8346 5270 9098 5942 1106 12484 0 8351 5262 8765 1277 9781 10069 12176 2359 
6775 3103 1024 12859 13912 10543 5350 16887 10581 13747 5987 2491 7505 12444 13323 11542 7998 6865 11181 1679 9093 12509 17130 2993 9744 15685 13621 3475 12053 9167 5177 8351 0 3773 414 8584 4868 11416 4869 10710 
10548 3012 2749 9770 10823 7454 2261 13798 7492 10658 2214 4202 4416 9355 10234 8453 11545 3776 8092 5452 6004 9420 14041 1116 9293 12596 10532 5564 8964 6078 8950 5262 3773 0 3879 4811 6247 8327 8642 7621 
6669 3517 1256 13273 14326 10957 5764 17301 10995 14161 6093 2905 7919 12858 13737 11956 8412 7279 11595 1573 9507 12923 17544 3407 10158 16099 14035 3889 12467 9581 5071 8765 414 3879 0 8690 5282 11830 4763 11124 
15359 7823 7560 8347 12716 11295 5220 9613 10613 7107 2597 9013 1357 6414 8961 9906 16356 5497 3907 10263 1819 5235 9856 5927 14104 9623 6347 10375 7219 1893 13761 1277 8584 4811 8690 0 11058 11346 13453 3436 
4301 3235 4026 7991 9044 5675 5838 12019 5713 8879 8461 2377 9701 7576 8455 6674 5298 5561 8921 4749 10905 7641 12262 5131 4876 10817 8753 1393 7185 10887 2703 9781 4868 6247 5282 11058 0 6548 2395 8318 
6409 8313 10574 2999 2496 873 6126 5471 835 4239 8749 8925 9989 4932 2385 1440 5010 5849 9209 11297 11193 7347 5714 8423 2758 4269 5285 7941 4127 11175 7107 10069 11416 8327 11830 11346 6548 0 7591 8606 
1906 5630 5893 9034 10087 6718 8233 13062 6756 9922 10856 4440 12096 8619 9498 7717 4173 7956 11316 3706 13300 9454 13305 7526 5919 11860 9796 3078 8228 13282 484 12176 4869 8642 4763 13453 2395 7591 0 10713 
12619 7607 9868 5607 9976 8555 5360 6177 7873 4367 5883 8219 3205 3674 6221 7166 13616 3845 603 10591 2587 1799 6420 7717 11364 6883 3321 7635 4479 2569 11021 2359 10710 7621 11124 3436 8318 8606 10713 0 

0 7449 2268 3641 7075 3932 8051 6942 7960 6146 7337 4511 7403 6987 9881 2911 5328 2591 4690 4084 8623 5116 6525 6945 8960 2172 7770 6108 7803 7753 14689 8556 13909 6954 6822 1810 11052 6578 14103 3701 
7449 0 5889 6336 7262 10059 1474 753 733 12581 8742 11960 306 862 9832 7522 3033 10040 9463 3907 7654 10345 2844 13346 14205 9621 15219 1341 15252 12740 8112 10025 7332 495 2699 6107 4475 11395 7526 5212 
2268 5889 0 1373 6387 4878 7363 6254 5692 7400 6649 6779 5583 6299 9193 2341 4640 4859 4282 3396 7935 5164 5837 8165 9024 4440 10038 4566 10071 7559 14001 7868 13221 5452 4554 458 10364 6214 13415 3013 
3641 6336 1373 0 6834 6251 7810 6701 5603 8773 7096 8152 6030 6746 9640 3714 5087 6232 5655 3843 8382 6537 6284 9538 10397 5813 11411 5013 11444 8932 14448 8315 13668 5899 3637 1831 10811 7587 13862 3460 
7075 7262 6387 6834 0 3143 5814 6509 7773 5319 1480 4698 7216 6400 2806 4164 4229 4588 2385 3355 1548 3083 4418 6084 6943 7015 7957 5921 7990 5478 7614 2763 6834 6767 6635 6605 4885 4133 7028 3374 
3932 10059 4878 6251 3143 0 8611 9306 10570 2522 3405 1901 10013 9197 5949 2537 7026 1445 758 6152 4691 1184 7215 3287 5028 3872 5160 8718 5193 3821 10757 4624 9977 9564 9432 4420 7682 2646 10171 4847 
8051 1474 7363 7810 5814 8611 0 1109 2207 11133 7294 10512 1780 1064 8384 6074 2723 8592 8015 3967 6206 8897 1526 11898 12757 8173 13771 2797 13804 11292 6638 8577 5858 1911 4173 7581 3001 9947 6052 4350 
6942 753 6254 6701 6509 9306 1109 0 1264 11828 7989 11207 707 109 9079 6769 2280 9287 8710 3154 6901 9592 2091 12593 13452 8868 14466 1688 14499 11987 7747 9272 6967 802 3064 6472 4110 10642 7161 4459 
7960 733 5692 5603 7773 10570 2207 1264 0 13092 9253 12471 557 1373 10343 8033 3544 10551 9974 4418 8165 10856 3355 13857 14716 10132 15730 1852 15763 13251 8845 10536 8065 1006 1966 6150 5208 11906 8259 5723 
6146 12581 7400 8773 5319 2522 11133 11828 13092 0 3839 2243 12535 11719 3735 5059 9548 3659 3118 8674 4927 2236 9737 799 2814 6086 2638 11240 2671 1607 8543 2556 7763 12086 11954 6942 10204 1186 7957 7369 
7337 8742 6649 7096 1480 3405 7294 7989 9253 3839 0 3434 8696 7880 2544 4426 5709 4850 2647 4835 1286 2221 5898 4604 5463 7277 6477 7401 6510 3998 7352 1283 6572 8247 8115 6867 6365 2653 6766 3636 
4511 11960 6779 8152 4698 1901 10512 11207 12471 2243 3434 0 11914 11098 5978 4438 8927 1920 2497 8053 4720 1615 9116 3042 5057 3843 3259 10619 3292 3850 10786 4653 10006 11465 11333 6321 9583 2675 10200 6748 
7403 306 5583 6030 7216 10013 1780 707 557 12535 8696 11914 0 816 9786 7476 2987 9994 9417 3861 7608 10299 2798 13300 14159 9575 15173 1295 15206 12694 8418 9979 7638 449 2393 5801 4781 11349 7832 5166 
6987 862 6299 6746 6400 9197 1064 109 1373 11719 7880 11098 816 0 8970 6660 2171 9178 8601 3045 6792 9483 1982 12484 13343 8759 14357 1733 14390 11878 7702 9163 6922 847 3109 6517 4065 10533 7116 4350 
9881 9832 9193 9640 2806 5949 8384 9079 10343 3735 2544 5978 9786 8970 0 6970 6799 7394 5191 5925 2178 4765 6988 3514 4373 9821 5387 8491 5420 2908 4808 1325 4390 9337 9205 9411 7455 3303 4222 6180 
2911 7522 2341 3714 4164 2537 6074 6769 8033 5059 4426 4438 7476 6660 6970 0 4489 2518 1941 3615 5712 2823 4678 5824 6683 2851 7697 6181 7730 5218 11778 5645 10998 7027 6895 2441 8141 3873 11192 2310 
5328 3033 4640 5087 4229 7026 2723 2280 3544 9548 5709 8927 2987 2171 6799 4489 0 7007 6430 1244 4621 7312 1197 10313 11172 6588 12186 1692 12219 9707 9361 6992 8581 2538 2406 4858 5724 8362 8775 2179 
2591 10040 4859 6232 4588 1445 8592 9287 10551 3659 4850 1920 9994 9178 7394 2518 7007 0 2203 6133 6136 2629 7196 4458 6473 2427 5179 8699 5212 5266 12202 6069 11422 9545 9413 4401 8565 4091 11616 4828 
4690 9463 4282 5655 2385 758 8015 8710 9974 3118 2647 2497 9417 8601 5191 1941 6430 2203 0 5556 3933 882 6619 3883 4742 4630 5756 8122 5789 3277 9999 3866 9219 8968 8836 4220 7086 1932 9413 4251 
4084 3907 3396 3843 3355 6152 3967 3154 4418 8674 4835 8053 3861 3045 5925 3615 1244 6133 5556 0 4539 6438 2441 9439 10298 5714 11312 2566 11345 8833 10605 6118 9825 3412 3280 3614 6968 7488 10019 1305 
8623 7654 7935 8382 1548 4691 6206 6901 8165 4927 1286 4720 7608 6792 2178 5712 4621 6136 3933 4539 0 3507 4810 5692 6551 8563 7565 6313 7598 5086 6066 2371 5286 7159 7027 8153 5277 3741 5480 4922 
5116 10345 5164 6537 3083 1184 8897 9592 10856 2236 2221 1615 10299 9483 4765 2823 7312 2629 882 6438 3507 0 7501 3001 3860 5056 4874 9004 4907 2637 9573 3440 8793 9850 9718 4706 7968 1462 8987 5133 
6525 2844 5837 6284 4418 7215 1526 2091 3355 9737 5898 9116 2798 1982 6988 4678 1197 7196 6619 2441 4810 7501 0 10502 11361 6777 12375 1503 12408 9896 8164 7181 7384 2349 2647 6055 4527 8551 7578 2824 
6945 13346 8165 9538 6084 3287 11898 12593 13857 799 4604 3042 13300 12484 3514 5824 10313 4458 3883 9439 5692 3001 10502 0 2015 6885 1873 12005 1906 808 8110 3321 7904 12851 12719 7707 10969 1951 7158 8134 
8960 14205 9024 10397 6943 5028 12757 13452 14716 2814 5463 5057 14159 13343 4373 6683 11172 6473 4742 10298 6551 3860 11361 2015 0 8900 3528 12864 3921 1465 8969 4180 8763 13710 13578 8566 11828 2810 6761 8993 
2172 9621 4440 5813 7015 3872 8173 8868 10132 6086 7277 3843 9575 8759 9821 2851 6588 2427 4630 5714 8563 5056 6777 6885 8900 0 5598 8280 5631 7693 14629 8496 13849 9126 8994 3982 10992 6518 14043 4409 
7770 15219 10038 11411 7957 5160 13771 14466 15730 2638 6477 3259 15173 14357 5387 7697 12186 5179 5756 11312 7565 4874 12375 1873 3528 5598 0 13878 393 2479 9983 5194 9777 14724 14592 9580 12842 3824 8671 10007 
6108 1341 4566 5013 5921 8718 2797 1688 1852 11240 7401 10619 1295 1733 8491 6181 1692 8699 8122 2566 6313 9004 1503 12005 12864 8280 13878 0 13911 11399 9435 8684 8655 886 1376 4784 5798 10054 8849 3871 
7803 15252 10071 11444 7990 5193 13804 14499 15763 2671 6510 3292 15206 14390 5420 7730 12219 5212 5789 11345 7598 4907 12408 1906 3921 5631 393 13911 0 2714 10016 5227 9810 14757 14625 9613 12875 3857 9064 10040 
7753 12740 7559 8932 5478 3821 11292 11987 13251 1607 3998 3850 12694 11878 2908 5218 9707 5266 3277 8833 5086 2637 9896 808 1465 7693 2479 11399 2714 0 7504 2715 7298 12245 12113 7283 10363 1345 6350 7528 
14689 8112 14001 14448 7614 10757 6638 7747 8845 8543 7352 10786 8418 7702 4808 11778 9361 12202 9999 10605 6066 9573 8164 8110 8969 14629 9983 9435 10016 7504 0 6133 780 8549 10811 14219 3637 8111 2208 10988 
8556 10025 7868 8315 2763 4624 8577 9272 10536 2556 1283 4653 9979 9163 1325 5645 6992 6069 3866 6118 2371 3440 7181 3321 4180 8496 5194 8684 5227 2715 6133 0 5353 9530 9398 8086 7648 1978 5547 4855 
13909 7332 13221 13668 6834 9977 5858 6967 8065 7763 6572 10006 7638 6922 4390 10998 8581 11422 9219 9825 5286 8793 7384 7904 8763 13849 9777 8655 9810 7298 780 5353 0 7769 10031 13439 3065 7331 2002 10208 
6954 495 5452 5899 6767 9564 1911 802 1006 12086 8247 11465 449 847 9337 7027 2538 9545 8968 3412 7159 9850 2349 12851 13710 9126 14724 886 14757 12245 8549 9530 7769 0 2262 5670 4912 10900 7963 4717 
6822 2699 4554 3637 6635 9432 4173 3064 1966 11954 8115 11333 2393 3109 9205 6895 2406 9413 8836 3280 7027 9718 2647 12719 13578 8994 14592 1376 14625 12113 10811 9398 10031 2262 0 5012 7174 10768 10225 4585 
1810 6107 458 1831 6605 4420 7581 6472 6150 6942 6867 6321 5801 6517 9411 2441 4858 4401 4220 3614 8153 4706 6055 7707 8566 3982 9580 4784 9613 7283 14219 8086 13439 5670 5012 0 10582 6108 13633 3231 
11052 4475 10364 10811 4885 7682 3001 4110 5208 10204 6365 9583 4781 4065 7455 8141 5724 8565 7086 6968 5277 7968 4527 10969 11828 10992 12842 5798 12875 10363 3637 7648 3065 4912 7174 10582 0 9018 5067 7351 
6578 11395 6214 7587 4133 2646 9947 10642 11906 1186 2653 2675 11349 10533 3303 3873 8362 4091 1932 7488 3741 1462 8551 1951 2810 6518 3824 10054 3857 1345 8111 1978 7331 10900 10768 6108 9018 0 7525 6183 
14103 7526 13415 13862 7028 10171 6052 7161 8259 7957 6766 10200 7832 7116 4222 11192 8775 11616 9413 10019 5480 8987 7578 7158 6761 14043 8671 8849 9064 6350 2208 5547 2002 7963 10225 13633 5067 7525 0 10402 
3701 5212 3013 3460 3374 4847 4350 4459 5723 7369 3636 6748 5166 4350 6180 2310 2179 4828 4251 1305 4922 5133 2824 8134 8993 4409 10007 3871 10040 7528 10988 4855 10208 4717 4585 3231 7351 6183 10402 0 

0 6074 4255 9154 8520 5176 9414 2460 3103 1620 1635 6535 4544 5980 7575 8169 3728 1255 6116 2398 11887 12350 3146 6737 6016 5099 548 10240 11623 8720 3957 7140 7133 5496 5073 2689 8104 10107 5528 1644 
6074 0 1819 3080 7602 5220 9370 7774 2971 4642 6681 971 4500 6024 7531 8125 2346 7329 6072 4218 5813 12306 3206 7773 7350 7349 6622 10196 5549 8676 10031 7096 7089 8130 2181 7651 2030 10063 5484 6236 
4255 1819 0 4899 9239 3583 11007 5955 2474 2823 4862 2608 6137 4387 9168 9762 527 5510 7709 3991 7632 13943 1553 8330 7609 6692 4803 11833 7368 10313 8212 8733 8726 7089 3818 5832 3849 11700 7121 4417 
9154 3080 4899 0 6758 6064 8526 10854 6051 7722 9761 2619 6058 6868 9117 7281 5426 10409 7132 7298 2733 11462 6286 10853 10430 10429 9702 9352 2469 7832 13111 7266 7131 11210 4081 10731 1050 9219 5798 9316 
8520 7602 9239 6758 0 12822 6378 10220 6765 9266 9127 6631 5424 13626 8483 4879 9704 9775 6498 6664 6251 4704 10792 10219 9796 9795 9068 3110 4983 2746 12477 6632 6497 10576 5421 10097 5908 2461 5164 9290 
5176 5220 3583 6064 12822 0 14590 7636 6057 3556 6811 6191 9720 804 12751 13345 3118 4811 11292 7574 8331 17526 2030 11913 11192 10275 5396 15416 8067 13896 7513 12316 12309 10672 7401 7865 6914 15283 10704 3718 
9414 9370 11007 8526 6378 14590 0 6954 8533 11034 7779 8399 4870 15394 2105 1499 11472 10155 3298 7016 9745 2936 12560 3841 3418 4315 9194 3268 9481 3632 7533 2274 2281 4198 7189 6725 7676 5387 3886 11058 
2460 7774 5955 10854 10220 7636 6954 0 4803 4080 1093 8235 4796 8440 5115 5709 5428 3201 3722 3556 13587 9890 5606 4277 3556 2639 2240 7780 13323 7474 2257 4680 4673 3036 6773 229 9804 9229 5056 4104 
3103 2971 2474 6051 6765 6057 8533 4803 0 2501 3710 3432 3663 6861 6694 7288 2939 4358 5235 1517 8784 11469 4027 5856 5135 4378 3651 9359 8520 7839 7060 6259 6252 5159 1970 4680 5001 9226 4647 3265 
1620 4642 2823 7722 9266 3556 11034 4080 2501 0 3255 5103 6164 4360 9195 9789 2296 2687 7736 4018 10455 13970 1526 8357 7636 6719 1980 11860 10191 10340 5389 8760 8753 7116 3845 4309 6672 11727 7148 1594 
1635 6681 4862 9761 9127 6811 7779 1093 3710 3255 0 7142 3703 7615 5940 6534 4335 2376 4481 2463 12494 10715 4781 5102 4381 3464 1415 8605 12230 7085 3350 5505 5498 3861 5680 1054 8711 8472 3963 3279 
6535 971 2608 2619 6631 6191 8399 8235 3432 5103 7142 0 3529 6995 6560 7154 3073 7790 5101 4679 5352 11335 4161 8234 7811 7810 7083 9225 5088 7705 10492 6125 6118 8591 1462 8112 1569 9092 4513 6697 
4544 4500 6137 6058 5424 9720 4870 4796 3663 6164 3703 3529 0 10524 3059 3625 6602 5285 1572 2146 8791 7806 7690 4795 4372 4371 4324 5696 8527 4176 7053 2596 2589 5152 2319 4673 5008 5563 984 6188 
5980 6024 4387 6868 13626 804 15394 8440 6861 4360 7615 6995 10524 0 13555 14149 3922 5391 12096 8378 7751 18330 2834 12717 11996 11079 6200 16220 8643 14700 8093 13120 13113 11476 8205 8669 7718 16087 11508 4336 
7575 7531 9168 9117 8483 12751 2105 5115 6694 9195 5940 6560 3059 13555 0 3604 9633 8316 1985 5177 11850 5009 10721 1736 1559 2476 7355 5373 11586 5737 5694 1851 1986 2093 5350 4886 8067 7492 3319 9219 
8169 8125 9762 7281 4879 13345 1499 5709 7288 9789 6534 7154 3625 14149 3604 0 10227 8910 2053 5771 8246 4181 11315 5340 4917 4916 7949 2071 7982 2133 7598 1753 1618 5697 5944 5480 6431 3888 2641 9813 
3728 2346 527 5426 9704 3118 11472 5428 2939 2296 4335 3073 6602 3922 9633 10227 0 4983 8174 4456 8159 14408 1088 8795 8074 7157 4276 12298 7895 10778 7685 9198 9191 7554 4283 5305 4376 12165 7586 3890 
1255 7329 5510 10409 9775 4811 10155 3201 4358 2687 2376 7790 5285 5391 8316 8910 4983 0 6857 3139 13142 13091 4123 7478 6757 5840 961 10981 12878 9461 2702 7881 7874 6237 6328 3430 9359 10848 6269 1093 
6116 6072 7709 7132 6498 11292 3298 3722 5235 7736 4481 5101 1572 12096 1985 2053 8174 6857 0 3718 9865 6234 9262 3721 3298 3297 5896 4124 9601 3752 5979 1024 1017 4078 3891 3599 6082 5507 1334 7760 
2398 4218 3991 7298 6664 7574 7016 3556 1517 4018 2463 4679 2146 8378 5177 5771 4456 3139 3718 0 10031 9952 5544 4339 3618 3131 2404 7842 9767 6322 5813 4742 4735 3912 3217 3433 6248 7709 3130 4042 
11887 5813 7632 2733 6251 8331 9745 13587 8784 10455 12494 5352 8791 7751 11850 8246 8159 13142 9865 10031 0 10955 9019 13586 13163 13162 12435 8845 1268 7325 15844 9999 9864 13943 6814 13464 3783 8712 8531 12049 
12350 12306 13943 11462 4704 17526 2936 9890 11469 13970 10715 11335 7806 18330 5009 4181 14408 13091 6234 9952 10955 0 15496 6745 6334 7251 12130 2110 9687 3630 10469 5210 5217 7102 10125 9661 10612 2483 6822 13994 
3146 3206 1553 6286 10792 2030 12560 5606 4027 1526 4781 4161 7690 2834 10721 11315 1088 4123 9262 5544 9019 15496 0 9883 9162 8245 3416 13386 8755 11866 6825 10286 10279 8642 5371 5835 5236 13253 8674 3030 
6737 7773 8330 10853 10219 11913 3841 4277 5856 8357 5102 8234 4795 12717 1736 5340 8795 7478 3721 4339 13586 6745 9883 0 721 1638 6517 7109 13322 7473 4856 3587 3722 1241 6772 4048 9803 9228 5055 8381 
6016 7350 7609 10430 9796 11192 3418 3556 5135 7636 4381 7811 4372 11996 1559 4917 8074 6757 3298 3618 13163 6334 9162 721 0 917 5796 6686 12899 7050 4135 3164 3299 780 6349 3327 9380 8805 4632 7660 
5099 7349 6692 10429 9795 10275 4315 2639 4378 6719 3464 7810 4371 11079 2476 4916 7157 5840 3297 3131 13162 7251 8245 1638 917 0 4879 6685 12898 7049 3218 3163 3298 781 6348 2410 9379 8804 4631 6743 
548 6622 4803 9702 9068 5396 9194 2240 3651 1980 1415 7083 4324 6200 7355 7949 4276 961 5896 2404 12435 12130 3416 6517 5796 4879 0 10020 12171 8500 3409 6920 6913 5276 5621 2469 8652 9887 5308 1864 
10240 10196 11833 9352 3110 15416 3268 7780 9359 11860 8605 9225 5696 16220 5373 2071 12298 10981 4124 7842 8845 2110 13386 7109 6686 6685 10020 0 7577 1520 9367 3522 3387 7466 8015 7551 8502 2119 4712 11884 
11623 5549 7368 2469 4983 8067 9481 13323 8520 10191 12230 5088 8527 8643 11586 7982 7895 12878 9601 9767 1268 9687 8755 13322 12899 12898 12171 7577 0 6057 15580 9735 9600 13679 6550 13200 3519 7444 8267 11785 
8720 8676 10313 7832 2746 13896 3632 7474 7839 10340 7085 7705 4176 14700 5737 2133 10778 9461 3752 6322 7325 3630 11866 7473 7050 7049 8500 1520 6057 0 9731 3886 3751 7830 6495 7351 6982 1755 3192 10364 
3957 10031 8212 13111 12477 7513 7533 2257 7060 5389 3350 10492 7053 8093 5694 7598 7685 2702 5979 5813 15844 10469 6825 4856 4135 3218 3409 9367 15580 9731 0 5845 5980 3615 9030 2380 12061 11486 7313 3795 
7140 7096 8733 7266 6632 12316 2274 4680 6259 8760 5505 6125 2596 13120 1851 1753 9198 7881 1024 4742 9999 5210 10286 3587 3164 3163 6920 3522 9735 3886 5845 0 135 3944 4915 4451 6216 5641 1612 8784 
7133 7089 8726 7131 6497 12309 2281 4673 6252 8753 5498 6118 2589 13113 1986 1618 9191 7874 1017 4735 9864 5217 10279 3722 3299 3298 6913 3387 9600 3751 5980 135 0 4079 4908 4444 6081 5506 1605 8777 
5496 8130 7089 11210 10576 10672 4198 3036 5159 7116 3861 8591 5152 11476 2093 5697 7554 6237 4078 3912 13943 7102 8642 1241 780 781 5276 7466 13679 7830 3615 3944 4079 0 7129 2807 10160 9585 5412 7140 
5073 2181 3818 4081 5421 7401 7189 6773 1970 3845 5680 1462 2319 8205 5350 5944 4283 6328 3891 3217 6814 10125 5371 6772 6349 6348 5621 8015 6550 6495 9030 4915 4908 7129 0 6650 3031 7882 3303 5235 
2689 7651 5832 10731 10097 7865 6725 229 4680 4309 1054 8112 4673 8669 4886 5480 5305 3430 3599 3433 13464 9661 5835 4048 3327 2410 2469 7551 13200 7351 2380 4451 4444 2807 6650 0 9681 9106 4933 4333 
8104 2030 3849 1050 5908 6914 7676 9804 5001 6672 8711 1569 5008 7718 8067 6431 4376 9359 6082 6248 3783 10612 5236 9803 9380 9379 8652 8502 3519 6982 12061 6216 6081 10160 3031 9681 0 8369 4748 8266 
10107 10063 11700 9219 2461 15283 5387 9229 9226 11727 8472 9092 5563 16087 7492 3888 12165 10848 5507 7709 8712 2483 13253 9228 8805 8804 9887 2119 7444 1755 11486 5641 5506 9585 7882 9106 8369 0 4579 11751 
5528 5484 7121 5798 5164 10704 3886 5056 4647 7148 3963 4513 984 11508 3319 2641 7586 6269 1334 3130 8531 6822 8674 5055 4632 4631 5308 4712 8267 3192 7313 1612 1605 5412 3303 4933 4748 4579 0 7172 
1644 6236 4417 9316 9290 3718 11058 4104 3265 1594 3279 6697 6188 4336 9219 9813 3890 1093 7760 4042 12049 13994 3030 8381 7660 6743 1864 11884 11785 10364 3795 8784 8777 7140 5235 4333 8266 11751 7172 0 

0 7234 6664 7014 4706 8892 11949 5736 1756 8008 5749 6927 5062 8108 10500 8755 18301 9914 2656 13487 7042 6792 7604 12082 6603 6184 5267 15384 6636 6771 15503 8116 7345 6546 9086 8884 6539 8875 2236 3983 
7234 0 5430 262 8502 1658 11657 1498 5478 1752 1861 1615 6966 874 5362 8637 11067 13396 4578 6253 11674 9688 7246 4848 5905 7128 9899 8150 11050 11403 8269 1538 161 1632 9554 4252 1215 3955 4998 7383 
6664 5430 0 5692 3072 6178 6227 5636 4908 3678 3569 3815 1602 5540 3836 3207 11637 7966 4008 6823 6244 4258 1816 5418 475 1698 4469 8720 5620 5973 8839 3892 5269 7062 4124 9682 4215 9385 4428 2681 
7014 262 5692 0 8764 1878 11919 1278 5258 2014 2123 1877 7228 1094 5624 8899 11287 13658 4414 6473 11936 9950 7508 5068 6167 7390 10161 8370 11312 11665 8489 1800 423 1370 9816 3990 1477 3693 4778 7645 
4706 8502 3072 8764 0 9250 7243 8708 4664 6750 6641 6887 1536 8612 5794 4049 13595 5208 4350 8781 3172 2086 2898 8258 2597 1478 1397 10678 2548 2901 10797 6964 8341 10134 4380 12754 7287 12457 4804 1119 
8892 1658 6178 1878 9250 0 12405 3156 7136 2500 3143 2363 7714 784 6110 9385 9409 14144 6236 4595 12422 10436 7994 3190 6653 7876 10647 6492 11798 12151 8657 2286 1547 2346 10302 3504 2353 3207 6656 8131 
11949 11657 6227 11919 7243 12405 0 11863 10193 9905 9796 10042 6887 11767 6295 3194 6708 2035 9293 9250 6445 5157 4411 11413 5752 5765 8320 8265 5313 6178 3748 10119 11496 13289 2863 15909 10442 15612 9713 7966 
5736 1498 5636 1278 8708 3156 11863 0 4044 2272 2067 1821 7172 2372 5568 8843 12565 13602 4358 7751 11880 9894 7452 6346 6111 7334 10105 9648 11256 11609 9767 2380 1609 1426 9760 4046 1421 3749 3904 7589 
1756 5478 4908 5258 4664 7136 10193 4044 0 6252 3993 5171 3306 6352 8744 6999 16545 9558 900 11731 7836 5850 5848 10326 4847 4428 6061 13628 7212 7565 13747 6360 5589 5470 7330 8090 4783 7793 480 3545 
8008 1752 3678 2014 6750 2500 9905 2272 6252 0 2259 1081 5214 1862 3610 6885 10293 11644 5352 5479 9922 7936 5494 4074 4153 5376 8147 7376 9298 9651 7495 214 1591 3384 7802 6004 1469 5707 5772 5631 
5749 1861 3569 2123 6641 3143 9796 2067 3993 2259 0 1178 5105 2359 4751 6776 12552 11535 3093 7738 9813 7827 5385 6333 4044 5267 8038 9635 9189 9542 9754 2367 1700 3493 7693 6113 790 5816 3513 5522 
6927 1615 3815 1877 6887 2363 10042 1821 5171 1081 1178 0 5351 1725 3747 7022 11374 11781 4271 6560 10059 8073 5631 5155 4290 5513 8284 8457 9435 9788 8576 1189 1454 3247 7939 5867 400 5570 4691 5768 
5062 6966 1602 7228 1536 7714 6887 7172 3306 5214 5105 5351 0 7076 5438 3693 13239 6430 2814 8425 4708 2722 2542 7020 1541 1122 2933 10322 4084 4437 10441 5428 6805 8598 4024 11218 5751 10921 3268 1079 
8108 874 5540 1094 8612 784 11767 2372 6352 1862 2359 1725 7076 0 5472 8747 10193 13506 5452 5379 11784 9798 7356 3974 6015 7238 10009 7276 11160 11513 8019 1648 763 1562 9664 4142 1569 3845 5872 7493 
10500 5362 3836 5624 5794 6110 6295 5568 8744 3610 4751 3747 5438 5472 0 3275 7801 8034 7844 2987 6312 4326 2896 5118 3897 4316 6871 4884 5688 6041 5003 3824 5201 6994 4192 9614 4147 9317 8264 6517 
8755 8637 3207 8899 4049 9385 3194 8843 6999 6885 6776 7022 3693 8747 3275 0 9546 4759 6099 6230 3251 1963 1391 8393 2732 2571 5126 6629 2413 2984 6748 7099 8476 10269 917 12889 7422 12592 6519 4772 
18301 11067 11637 11287 13595 9409 6708 12565 16545 10293 12552 11374 13239 10193 7801 9546 0 8447 15645 4814 12797 11509 10697 6219 11698 12117 14672 2917 11665 12530 2960 10185 10956 11755 9215 9513 11762 9426 16065 14318 
9914 13396 7966 13658 5208 14144 2035 13602 9558 11644 11535 11781 6430 13506 8034 4759 8447 0 9244 10989 4410 3708 6150 13152 7491 6268 6285 10004 3278 4143 5589 11858 13235 15028 3842 17648 12181 17351 9698 6013 
2656 4578 4008 4414 4350 6236 9293 4358 900 5352 3093 4271 2814 5452 7844 6099 15645 9244 0 10831 7522 5536 4948 9426 3947 3528 5747 12728 6898 7251 12847 5460 4689 5784 6430 8404 3883 8107 454 3231 
13487 6253 6823 6473 8781 4595 9250 7751 11731 5479 7738 6560 8425 5379 2987 6230 4814 10989 10831 0 9267 7281 5883 2163 6884 7303 9858 1897 8643 8996 5502 5371 6142 6941 7147 6659 6948 6362 11251 9504 
7042 11674 6244 11936 3172 12422 6445 11880 7836 9922 9813 10059 4708 11784 6312 3251 12797 4410 7522 9267 0 1986 4428 11430 5769 4546 1875 9880 1132 271 9999 10136 11513 13306 3582 15926 10459 15629 7976 4291 
6792 9688 4258 9950 2086 10436 5157 9894 5850 7936 7827 8073 2722 9798 4326 1963 11509 3708 5536 7281 1986 0 2442 9444 3783 2560 3163 8592 1362 1715 8711 8150 9527 11320 2294 13940 8473 13643 5990 2809 
7604 7246 1816 7508 2898 7994 4411 7452 5848 5494 5385 5631 2542 7356 2896 1391 10697 6150 4948 5883 4428 2442 0 7002 1341 1420 3975 7780 3804 4157 7899 5708 7085 8878 2308 11498 6031 11201 5368 3621 
12082 4848 5418 5068 8258 3190 11413 6346 10326 4074 6333 5155 7020 3974 5118 8393 6219 13152 9426 2163 11430 9444 7002 0 5661 6884 9655 3302 10806 11159 7665 3966 4737 5536 9310 4496 5543 4199 9846 8099 
6603 5905 475 6167 2597 6653 5752 6111 4847 4153 4044 4290 1541 6015 3897 2732 11698 7491 3947 6884 5769 3783 1341 5661 0 1223 3994 8781 5145 5498 8900 4367 5744 7537 3649 10157 4690 9860 4367 2620 
6184 7128 1698 7390 1478 7876 5765 7334 4428 5376 5267 5513 1122 7238 4316 2571 12117 6268 3528 7303 4546 2560 1420 6884 1223 0 2771 9200 3922 4275 9319 5590 6967 8760 2902 11380 5913 11083 3948 2201 
5267 9899 4469 10161 1397 10647 8320 10105 6061 8147 8038 8284 2933 10009 6871 5126 14672 6285 5747 9858 1875 3163 3975 9655 3994 2771 0 11755 3007 2142 11874 8361 9738 11531 5457 14151 8684 13854 6201 2516 
15384 8150 8720 8370 10678 6492 8265 9648 13628 7376 9635 8457 10322 7276 4884 6629 2917 10004 12728 1897 9880 8592 7780 3302 8781 9200 11755 0 8748 9613 4517 7268 8039 8838 6298 7644 8845 7347 13148 11401 
6636 11050 5620 11312 2548 11798 5313 11256 7212 9298 9189 9435 4084 11160 5688 2413 11665 3278 6898 8643 1132 1362 3804 10806 5145 3922 3007 8748 0 865 8867 9512 10889 12682 2450 15302 9835 15005 7352 3667 
6771 11403 5973 11665 2901 12151 6178 11609 7565 9651 9542 9788 4437 11513 6041 2984 12530 4143 7251 8996 271 1715 4157 11159 5498 4275 2142 9613 865 0 9732 9865 11242 13035 3315 15655 10188 15358 7705 4020 
15503 8269 8839 8489 10797 8657 3748 9767 13747 7495 9754 8576 10441 8019 5003 6748 2960 5589 12847 5502 9999 8711 7899 7665 8900 9319 11874 4517 8867 9732 0 7387 8158 9541 6417 12161 8964 11864 13267 11520 
8116 1538 3892 1800 6964 2286 10119 2380 6360 214 2367 1189 5428 1648 3824 7099 10185 11858 5460 5371 10136 8150 5708 3966 4367 5590 8361 7268 9512 9865 7387 0 1377 3170 8016 5790 1577 5493 5880 5845 
7345 161 5269 423 8341 1547 11496 1609 5589 1591 1700 1454 6805 763 5201 8476 10956 13235 4689 6142 11513 9527 7085 4737 5744 6967 9738 8039 10889 11242 8158 1377 0 1793 9393 4413 1054 4116 5109 7222 
6546 1632 7062 1370 10134 2346 13289 1426 5470 3384 3493 3247 8598 1562 6994 10269 11755 15028 5784 6941 13306 11320 8878 5536 7537 8760 11531 8838 12682 13035 9541 3170 1793 0 11186 2620 2847 2329 5330 9015 
9086 9554 4124 9816 4380 10302 2863 9760 7330 7802 7693 7939 4024 9664 4192 917 9215 3842 6430 7147 3582 2294 2308 9310 3649 2902 5457 6298 2450 3315 6417 8016 9393 11186 0 13806 8339 13509 6850 5103 
8884 4252 9682 3990 12754 3504 15909 4046 8090 6004 6113 5867 11218 4142 9614 12889 9513 17648 8404 6659 15926 13940 11498 4496 10157 11380 14151 7644 15302 15655 12161 5790 4413 2620 13806 0 5467 297 7950 11635 
6539 1215 4215 1477 7287 2353 10442 1421 4783 1469 790 400 5751 1569 4147 7422 11762 12181 3883 6948 10459 8473 6031 5543 4690 5913 8684 8845 9835 10188 8964 1577 1054 2847 8339 5467 0 5170 4303 6168 
8875 3955 9385 3693 12457 3207 15612 3749 7793 5707 5816 5570 10921 3845 9317 12592 9426 17351 8107 6362 15629 13643 11201 4199 9860 11083 13854 7347 15005 15358 11864 5493 4116 2329 13509 297 5170 0 7653 11338 
2236 4998 4428 4778 4804 6656 9713 3904 480 5772 3513 4691 3268 5872 8264 6519 16065 9698 454 11251 7976 5990 5368 9846 4367 3948 6201 13148 7352 7705 13267 5880 5109 5330 6850 7950 4303 7653 0 3685 
3983 7383 2681 7645 1119 8131 7966 7589 3545 5631 5522 5768 1079 7493 6517 4772 14318 6013 3231 9504 4291 2809 3621 8099 2620 2201 2516 11401 3667 4020 11520 5845 7222 9015 5103 11635 6168 11338 3685 0 

0 917 11384 9046 890 3517 8822 3415 4479 2863 5288 11267 6546 4803 3800 8113 7101 3925 4588 4148 717 12932 5517 3116 5372 12010 7479 883 3829 1258 8022 13342 16666 11873 889 5921 7223 6804 5966 3706 
917 0 10467 8129 1807 3660 7905 3558 3562 2204 4371 10350 5653 4660 2883 7196 6184 3782 3671 3231 614 12015 4600 2199 4455 11093 6562 1800 2912 1261 7105 12425 15749 10956 1806 5004 6306 5887 5453 2789 
11384 10467 0 2338 12274 8947 4992 8173 6905 8521 6096 2329 4838 7257 7584 4757 4283 8507 6796 7236 11081 1548 5867 8268 6012 6362 3905 12267 7555 10126 3362 3520 5282 735 12273 5463 6891 6982 5418 7678 
9046 8129 2338 0 9936 6609 7128 5835 4567 6183 3758 4465 2500 8355 5246 6893 2985 7477 4458 4914 8743 3886 4123 5930 4808 8498 1567 9929 5217 7788 4824 4296 7620 2871 9935 6933 9027 9118 3080 5340 
890 1807 12274 9936 0 3327 9712 4101 5369 3753 6178 12157 7436 5303 4690 9003 7991 4425 5478 5038 1217 13822 6407 4006 6262 12900 8369 57 4719 2148 8912 14232 17556 12763 459 6811 8113 7694 6856 4596 
3517 3660 8947 6609 3327 0 7093 774 2042 5864 3511 8830 4109 8320 2039 6858 4664 7442 2151 4879 4234 10495 4088 4153 4773 9573 5042 3320 4588 2399 5585 10905 14229 9436 3476 6898 8992 9083 3529 4785 
8822 7905 4992 7128 9712 7093 0 6991 6819 5959 3582 2663 9086 4695 5054 709 4143 5945 6438 4674 8519 6512 3305 5706 3450 3188 7685 9705 4993 7564 2304 8512 7844 4257 9711 2901 1899 2018 8886 5116 
3415 3558 8173 5835 4101 774 6991 0 1268 5762 3409 8056 3335 8218 1937 6756 3890 7340 1377 4777 4132 9721 3986 4051 4671 8799 4268 4094 4486 2297 4811 10131 13455 8662 4100 6796 8890 8981 2755 4683 
4479 3562 6905 4567 5369 2042 6819 1268 0 5590 3237 6788 2267 8046 1765 6584 2676 7168 381 4605 4176 8453 3814 3879 4499 8189 3000 5362 4314 3221 4515 8863 12187 7394 5368 6624 8718 8809 2067 4511 
2863 2204 8521 6183 3753 5864 5959 5762 5590 0 2425 8404 7857 2456 3825 5250 4238 1578 5209 1285 2560 10069 2654 1711 2509 9147 6456 3746 1276 3465 5159 10479 13803 9010 3752 3058 4360 3941 7657 1079 
5288 4371 6096 3758 6178 3511 3582 3409 3237 2425 0 5979 5504 4809 1488 3347 1813 3931 2856 1368 4985 7644 577 2172 1262 6722 4103 6171 1459 4030 2734 8054 11378 6585 6177 3387 5481 5572 5304 1582 
11267 10350 2329 4465 12157 8830 2663 8056 6788 8404 5979 0 6423 7140 7467 3154 4166 8390 6679 7119 10964 3849 5750 8151 5895 4033 5022 12150 7438 10009 3245 5849 5399 1594 12156 5346 4562 4653 6223 7561 
6546 5653 4838 2500 7436 4109 9086 3335 2267 7857 5504 6423 0 10313 4032 8851 4943 9435 2648 6872 6243 6386 6081 6146 6766 10456 1401 7429 6581 5288 6782 6796 10120 5327 7435 8891 10985 11076 580 6778 
4803 4660 7257 8355 5303 8320 4695 8218 8046 2456 4809 7140 10313 0 6281 3986 5370 1250 7665 3441 4086 8805 4232 4167 3547 7883 8912 5246 3732 5921 3895 9739 12539 7746 5016 1794 3096 2677 10113 3535 
3800 2883 7584 5246 4690 2039 5054 1937 1765 3825 1488 7467 4032 6281 0 4819 3301 5403 1384 2840 3497 9132 2049 2114 2734 8210 3679 4683 2549 2542 4222 9542 12866 8073 4689 4859 6953 7044 3832 2746 
8113 7196 4757 6893 9003 6858 709 6756 6584 5250 3347 3154 8851 3986 4819 0 3908 5236 6203 3965 7810 6277 2770 4997 2741 3897 7450 8996 4284 6855 2069 8277 8553 4022 9002 2192 2134 2225 8651 4407 
7101 6184 4283 2985 7991 4664 4143 3890 2676 4238 1813 4166 4943 5370 3301 3908 0 4492 2513 2953 6798 5831 1584 3985 1823 5513 3542 7984 3272 5843 1839 6241 9565 4772 7990 3948 6042 6133 4743 3395 
3925 3782 8507 7477 4425 7442 5945 7340 7168 1578 3931 8390 9435 1250 5403 5236 4492 0 6787 2563 3208 10055 3354 3289 2669 9133 8034 4368 2854 5043 5145 10465 13789 8996 3966 3044 4346 3927 9235 2657 
4588 3671 6796 4458 5478 2151 6438 1377 381 5209 2856 6679 2648 7665 1384 6203 2513 6787 0 4224 4285 8344 3433 3498 4118 7808 2891 5471 3933 3330 4134 8754 12078 7285 5477 6243 8337 8428 2448 4130 
4148 3231 7236 4914 5038 4879 4674 4777 4605 1285 1368 7119 6872 3441 2840 3965 2953 2563 4224 0 3845 8784 1369 1032 1224 7862 5471 5031 319 2890 3874 9194 12518 7725 5037 2019 4113 4204 6672 442 
717 614 11081 8743 1217 4234 8519 4132 4176 2560 4985 10964 6243 4086 3497 7810 6798 3208 4285 3845 0 12629 5214 2813 5069 11707 7176 1186 3526 1835 7719 13039 16363 11570 1192 5618 6920 6501 6027 3403 
12932 12015 1548 3886 13822 10495 6512 9721 8453 10069 7644 3849 6386 8805 9132 6277 5831 10055 8344 8784 12629 0 7415 9816 7560 7882 5453 13815 9103 11674 4910 2000 3734 2255 13821 7011 8411 8502 6966 9226 
5517 4600 5867 4123 6407 4088 3305 3986 3814 2654 577 5750 6081 4232 2049 2770 1584 3354 3433 1369 5214 7415 0 2401 685 6493 4680 6400 1688 4259 2505 7825 11149 6356 6406 2810 4904 4995 5881 1811 
3116 2199 8268 5930 4006 4153 5706 4051 3879 1711 2172 8151 6146 4167 2114 4997 3985 3289 3498 1032 2813 9816 2401 0 2256 8894 4745 3999 713 1858 4906 10226 13550 8757 4005 2805 4839 4930 5946 632 
5372 4455 6012 4808 6262 4773 3450 4671 4499 2509 1262 5895 6766 3547 2734 2741 1823 2669 4118 1224 5069 7560 685 2256 0 6638 5365 6255 1543 4114 2650 7970 11294 6501 6261 2125 4219 4310 6566 1666 
12010 11093 6362 8498 12900 9573 3188 8799 8189 9147 6722 4033 10456 7883 8210 3897 5513 9133 7808 7862 11707 7882 6493 8894 6638 0 9055 12893 8181 10752 3988 9882 5938 5627 12899 6089 4787 5206 10256 8304 
7479 6562 3905 1567 8369 5042 7685 4268 3000 6456 4103 5022 1401 8912 3679 7450 3542 8034 2891 5471 7176 5453 4680 4745 5365 9055 0 8362 5180 6221 5381 5863 9187 4394 8368 7490 9584 9675 1513 5377 
883 1800 12267 9929 57 3320 9705 4094 5362 3746 6171 12150 7429 5246 4683 8996 7984 4368 5471 5031 1186 13815 6400 3999 6255 12893 8362 0 4712 2141 8905 14225 17549 12756 402 6804 8106 7687 6849 4589 
3829 2912 7555 5217 4719 4588 4993 4486 4314 1276 1459 7438 6581 3732 2549 4284 3272 2854 3933 319 3526 9103 1688 713 1543 8181 5180 4712 0 2571 4193 9513 12837 8044 4718 2310 4404 4495 6381 197 
1258 1261 10126 7788 2148 2399 7564 2297 3221 3465 4030 10009 5288 5921 2542 6855 5843 5043 3330 2890 1835 11674 4259 1858 4114 10752 6221 2141 2571 0 6764 12084 15408 10615 2147 4663 6593 6684 4708 2448 
8022 7105 3362 4824 8912 5585 2304 4811 4515 5159 2734 3245 6782 3895 4222 2069 1839 5145 4134 3874 7719 4910 2505 4906 2650 3988 5381 8905 4193 6764 0 6208 8644 3851 8911 2109 4203 4294 6582 4316 
13342 12425 3520 4296 14232 10905 8512 10131 8863 10479 8054 5849 6796 9739 9542 8277 6241 10465 8754 9194 13039 2000 7825 10226 7970 9882 5863 14225 9513 12084 6208 0 3944 4255 14231 8317 10411 10502 7376 9636 
16666 15749 5282 7620 17556 14229 7844 13455 12187 13803 11378 5399 10120 12539 12866 8553 9565 13789 12078 12518 16363 3734 11149 13550 11294 5938 9187 17549 12837 15408 8644 3944 0 4793 17555 10745 9443 9862 10700 12960 
11873 10956 735 2871 12763 9436 4257 8662 7394 9010 6585 1594 5327 7746 8073 4022 4772 8996 7285 7725 11570 2255 6356 8757 6501 5627 4394 12756 8044 10615 3851 4255 4793 0 12762 5952 6156 6247 5907 8167 
889 1806 12273 9935 459 3476 9711 4100 5368 3752 6177 12156 7435 5016 4689 9002 7990 3966 5477 5037 1192 13821 6406 4005 6261 12899 8368 402 4718 2147 8911 14231 17555 12762 0 6810 8112 7693 6855 4595 
