0 5761 4264 12155 5078 3372 5794 5502 9204 3196 9140 2036 4433 3772 4716 4957 13105 4915 11746 2138 2112 3908 8546 7545 8648 4995 4608 8839 4236 6020 10464 9769 12490 4607 6315 6769 5203 3361 7518 6906 7942 5630 5094 5166 2856 8209 2452 5365 8186 3581 8575 7095 8882 6497 6729 5384 11270 2743 5994 3608 10968 4795 3134 1645 6701 7626 3616 8902 3247 1715 3782 4260 4602 5983 3852 
5761 0 6647 7472 5497 2879 11555 11263 5741 4053 6825 3725 10194 8455 10477 5550 8422 7836 10281 6821 6795 8121 3863 13306 9537 10266 6489 4732 8919 10233 16225 11556 8903 10368 12076 12530 10964 5882 3957 12667 12629 1559 4493 9723 2905 7082 3351 9712 3503 5318 6740 6486 9717 12258 11830 1091 6587 7500 7303 9253 6285 10556 8895 4192 2018 13387 2223 7227 2514 6832 1979 10021 10363 1300 8665 
4264 6647 0 7891 1150 3768 4908 4616 4940 4082 4876 2922 3547 8036 3830 1097 8841 1189 7482 6402 6376 1474 4282 6659 4384 3619 344 4575 8500 3586 9578 5505 8226 3721 5429 5883 4733 903 3254 6020 5982 6516 2154 3076 3742 3945 3338 3065 4696 1329 4311 2831 4618 5611 5183 5556 7006 1521 1730 7872 6704 3909 3458 2619 5081 6740 4424 4638 4133 2549 4668 4290 3716 5399 8116 
12155 7472 7891 0 7077 8783 8315 10911 2951 11525 3015 10273 9668 15927 9737 7198 950 7240 3003 14293 14267 8247 4905 11116 3507 7160 7547 3316 16391 6135 8947 4278 1625 10890 11230 9220 12624 8794 4637 10807 5351 9031 7061 6989 9603 3946 10823 6790 5327 8574 3580 5060 3273 10452 5426 6771 1851 9412 6161 15763 2529 10266 11349 10510 5712 8529 8539 3253 9104 10440 9327 12181 11027 6172 16007 
5078 5497 1150 7077 0 2618 6058 5766 4126 4448 4062 3196 4697 8850 4980 121 8027 2339 6668 7216 7190 2624 3468 7809 4040 4769 992 3761 9314 4736 10728 6059 7412 4871 6579 7033 5547 1717 2440 7170 7132 5366 1004 4226 2592 3131 3746 4215 3546 1497 3497 2017 4220 6761 6333 4406 6192 2335 1806 8686 5890 5059 4272 3433 3931 7890 3274 3824 2983 3363 3518 5104 4866 4249 8930 
3372 2879 3768 8783 2618 0 8676 8384 5832 2742 5768 1490 7315 7144 7598 2671 9733 4957 8374 5510 5484 5242 5174 10427 6658 7387 3610 5467 7608 7354 13346 8677 9118 7489 9197 9651 8085 3003 4146 9788 9750 2748 1722 6844 820 4837 2040 6833 4814 2439 5203 3723 6838 9379 8951 2012 7898 4621 4424 6980 7596 7677 6016 1727 3329 10508 656 5530 365 3953 900 7142 7484 2611 7224 
5794 11555 4908 8315 6058 8676 0 2596 5814 8990 5300 7830 1361 7612 1422 6005 9265 3719 7906 6482 6038 3434 9182 2801 4808 1289 5066 6823 8076 2180 4670 5929 8650 2575 2915 975 4309 5673 7598 2492 4102 11424 7062 1832 8650 4473 8246 1843 9604 6237 4815 5069 5042 2137 2889 10464 7430 4055 4252 7448 7128 1951 3034 7363 9989 1832 9332 5062 9041 4723 9576 3866 2712 10307 7692 
5502 11263 4616 10911 5766 8384 2596 0 7960 8698 7896 7538 1243 5016 1174 5713 11861 3671 10502 6190 5746 3142 8890 2043 7404 3751 4774 7595 5480 4776 4962 8525 11246 895 813 1691 1713 5381 7306 1404 6698 11132 6770 3922 8358 6965 7954 4121 9312 5945 7331 5851 7638 995 5485 10172 10026 3763 4750 4852 9724 707 2368 7071 9697 2382 9040 7658 8749 4431 9284 1270 900 10015 5096 
9204 5741 4940 2951 4126 5832 5814 7960 0 8574 1084 7322 6717 12976 6786 4247 3901 4289 4540 11342 11316 5296 3368 8165 3796 4525 4596 1009 13440 4492 10484 5815 3286 7939 8279 6789 9673 5843 1784 7856 6888 6080 4110 4038 6652 1341 7872 3971 3790 5623 999 2109 3976 7501 6089 4650 2066 6461 3210 12812 1764 7315 8398 7559 4175 7646 5588 1486 6153 7489 6376 9230 8076 4493 13056 
3196 4053 4082 11525 4448 2742 8990 8698 8574 0 8510 1252 7629 4402 7912 4327 12475 5271 11116 2768 2952 5556 7916 10741 8018 7701 3978 8209 4866 7668 13660 9139 11860 7803 9511 9965 8399 3317 6888 10102 10064 2494 4464 7158 1922 7579 744 7147 7556 2951 7945 6465 8252 9693 9265 4754 10640 4935 5364 6688 10338 7991 6330 1627 6071 10822 2986 8272 2421 4267 2198 7456 7798 5353 6100 
9140 6825 4876 3015 4062 5768 5300 7896 1084 8510 0 7258 6653 12912 6722 4183 3965 4225 3456 11278 11252 5232 4452 8101 2712 4145 4532 2093 13376 3408 9400 4731 3350 7875 8215 6205 9609 5779 2868 7792 5804 6694 4046 3974 6588 931 7808 3775 4874 5559 565 2045 2892 7437 5005 5734 2130 6397 3146 12748 2076 7251 8334 7495 5259 6562 5524 402 6089 7425 6312 9166 8012 5577 12992 
2036 3725 2922 10273 3196 1490 7830 7538 7322 1252 7258 0 6469 5654 6752 3075 11223 4111 9864 4020 3994 4396 6664 9581 6766 6541 2764 6957 6118 6508 12500 7887 10608 6643 8351 8805 7239 2157 5636 8942 8904 3594 3212 5998 820 6327 550 5987 6304 1699 6693 5213 7000 8533 8105 3502 9388 3775 4112 5528 9086 6831 5170 467 4819 9662 1734 7020 1211 3107 1746 6296 6638 4101 5734 
4433 10194 3547 9668 4697 7315 1361 1243 6717 7629 6653 6469 0 6259 283 4644 10618 2428 9259 5121 4677 2073 7821 3112 6161 2508 3705 6352 6723 3533 6031 7282 10003 1222 1882 2336 2956 4312 6237 2473 5455 10063 5701 2679 7289 5722 6885 2878 8243 4876 6088 4608 6395 2064 4242 9103 8783 2694 3507 6095 8481 598 1681 6002 8628 3193 7971 6415 7680 3362 8215 2513 1359 8946 6339 
3772 8455 8036 15927 8850 7144 7612 5016 12976 4402 12912 5654 6259 0 6190 8729 16877 8687 15518 1634 1660 7680 12318 6623 12420 8767 8380 12611 588 9792 9542 13541 16262 5037 5393 6707 4281 7133 11290 5984 11714 6896 8866 8938 6324 11981 5104 9137 11958 7353 12347 10867 12654 5575 10501 9156 15042 6515 9766 2570 14740 5661 4578 5417 10473 7398 7388 12674 6823 5487 6600 3746 4900 9755 1982 
4716 10477 3830 9737 4980 7598 1422 1174 6786 7912 6722 6752 283 6190 0 4927 10687 2641 9328 5404 4960 2356 8104 2829 6230 2577 3988 6421 6654 3602 5748 7351 10072 1153 1599 2053 2887 4595 6520 2190 5524 10346 5984 2748 7572 5791 7168 2947 8526 5159 6157 4677 6464 1781 4311 9386 8852 2977 3576 6026 8550 529 1612 6285 8911 2910 8254 6484 7963 3645 8498 2444 1290 9229 6270 
4957 5550 1097 7198 121 2671 6005 5713 4247 4327 4183 3075 4644 8729 4927 0 8148 2286 6789 7095 7069 2571 3589 7756 3987 4716 939 3882 9193 4683 10675 6006 7533 4818 6526 6980 5426 1596 2561 7117 7079 5419 1057 4173 2645 3252 3625 4162 3599 1376 3618 2138 4167 6708 6280 4459 6313 2214 1753 8565 6011 5006 4151 3312 3984 7837 3327 3945 3036 3242 3571 4983 4813 4302 8809 
13105 8422 8841 950 8027 9733 9265 11861 3901 12475 3965 11223 10618 16877 10687 8148 0 8190 3493 15243 15217 9197 4559 12066 4457 8110 8497 4266 17341 7085 9437 4768 2115 11840 12180 10170 13574 9744 5587 11757 5841 9981 8011 7939 10553 4896 11773 7740 4919 9524 4530 6010 4223 11402 6376 7721 1835 10362 7111 16713 2137 11216 12299 11460 6404 9479 9489 4203 10054 11390 10277 13131 11977 7122 16957 
4915 7836 1189 7240 2339 4957 3719 3671 4289 5271 4225 4111 2428 8687 2641 2286 8190 0 6831 7053 7027 1007 5463 5470 3733 2430 1347 3924 9151 2397 8389 4854 7575 3650 4240 4694 5384 1954 3879 4831 4793 7705 3343 1887 4931 3294 4527 1876 5885 2518 3660 2180 3967 4422 3994 6745 6355 2172 1079 8523 6053 3026 4109 3644 6270 5551 5613 3987 5322 3200 5857 4941 3787 6588 8767 
11746 10281 7482 3003 6668 8374 7906 10502 4540 11116 3456 9864 9259 15518 9328 6789 3493 6831 0 13884 13858 7838 7908 10707 3098 6751 7138 5549 15982 5726 6478 1977 1378 10481 10821 8811 12215 8385 6324 10398 3804 10150 6652 6580 9194 3537 10414 6381 8330 8165 3541 4651 2864 10043 5017 9190 4854 9003 5752 15354 5532 9857 10940 10101 8715 8120 8130 3054 8695 10031 8918 11772 10618 9033 15598 
2138 6821 6402 14293 7216 5510 6482 6190 11342 2768 11278 4020 5121 1634 5404 7095 15243 7053 13884 0 444 6046 10684 8233 10786 7133 6746 10977 2198 8158 11152 11907 14628 5295 7003 7457 5891 5499 9656 7594 10080 5262 7232 7304 4690 10347 3470 7503 10324 5719 10713 9233 11020 7185 8867 7522 13408 4881 8132 4180 13106 5483 3822 3783 8839 8314 5754 11040 5189 3853 4966 4948 5290 8121 3592 
2112 6795 6376 14267 7190 5484 6038 5746 11316 2952 11252 3994 4677 1660 4960 7069 15217 7027 13858 444 0 6020 10658 7789 10760 7107 6720 10951 2124 8132 10708 11881 14602 4851 6559 7013 5447 5473 9630 7150 10054 5386 7206 7278 4664 10321 3444 7477 10298 5693 10687 9207 10994 6741 8841 7496 13382 4855 8106 3736 13080 5039 3378 3757 8813 7870 5728 11014 5163 3827 4940 4504 4846 8095 3148 
3908 8121 1474 8247 2624 5242 3434 3142 5296 5556 5232 4396 2073 7680 2356 2571 9197 1007 7838 6046 6020 0 5748 5185 4740 2145 1632 4931 8144 2112 8104 5861 8582 2643 3955 4409 4377 2239 4164 4546 4508 7990 3628 1602 5216 4301 4812 1591 6170 2803 4667 3187 4974 4137 3709 7030 7362 1165 2086 7516 7060 2435 3102 3929 6555 5266 5898 4994 5607 2193 6142 3934 2780 6873 7760 
8546 3863 4282 4905 3468 5174 9182 8890 3368 7916 4452 6664 7821 12318 8104 3589 4559 5463 7908 10684 10658 5748 0 10933 7164 7893 4116 2359 12782 7860 13852 9183 6530 7995 9703 10157 9015 5185 1584 10294 10256 5422 3452 7350 5994 4709 7214 7339 422 4965 4367 4113 7344 9885 9457 3162 3054 5803 4930 12154 2422 8183 7740 6901 1845 11014 4930 4854 5495 6831 5718 8572 7990 2563 12398 
7545 13306 6659 11116 7809 10427 2801 2043 8165 10741 8101 9581 3112 6623 2829 7756 12066 5470 10707 8233 7789 5185 10933 0 7609 3956 6817 8574 6035 4981 4229 8730 11451 2938 1230 1896 2342 7424 9349 639 6903 13175 8813 4127 10401 7170 9997 4326 11355 7988 7536 6820 7843 1048 5690 12215 10231 5806 6003 4647 9929 2750 4411 9114 11740 2587 11083 7863 10792 6474 11327 3285 2943 12058 4891 
8648 9537 4384 3507 4040 6658 4808 7404 3796 8018 2712 6766 6161 12420 6230 3987 4457 3733 3098 10786 10760 4740 7164 7609 0 3653 4040 4805 12884 2628 6688 2019 3842 7383 7723 5713 9117 5287 5580 7300 3092 9406 5044 3482 6632 2455 7316 3283 7586 5067 2797 3051 234 6945 2293 8446 4110 5905 2654 12256 4788 6759 7842 7003 7971 5022 7314 2310 7023 6933 7558 8674 7520 8289 12500 
4995 10266 3619 7160 4769 7387 1289 3751 4525 7701 4145 6541 2508 8767 2577 4716 8110 2430 6751 7133 7107 2145 7893 3956 3653 0 3777 5534 9231 1025 5959 4774 7495 3730 4070 2264 5464 4384 6309 3647 2947 10135 5773 543 7361 3214 6957 554 8315 4948 3580 3780 3887 3292 1734 9175 6275 2766 2963 8603 5973 3106 4189 6074 8700 3121 8043 3907 7752 3434 8287 5021 3867 9018 8847 
4608 6489 344 7547 992 3610 5066 4774 4596 3978 4532 2764 3705 8380 3988 939 8497 1347 7138 6746 6720 1632 4116 6817 4040 3777 0 4231 8844 3744 9736 5161 7882 3879 5587 6041 5077 1247 2910 6178 6140 6358 1996 3234 3584 3601 3276 3223 4538 1171 3967 2487 4274 5769 5341 5398 6662 1865 1386 8216 6360 4067 3802 2963 4923 6898 4266 4294 3975 2893 4510 4634 3874 5241 8460 
8839 4732 4575 3316 3761 5467 6823 7595 1009 8209 2093 6957 6352 12611 6421 3882 4266 3924 5549 10977 10951 4931 2359 8574 4805 5534 4231 0 13075 5501 11493 6824 4171 7574 7914 7798 9308 5478 1321 7935 7897 5715 3745 4991 6287 2350 7507 4980 2781 5258 2008 1754 4985 7526 7098 3641 2431 6096 2845 12447 2129 6950 8033 7194 3166 8655 5223 2495 5788 7124 6011 8865 7711 3484 12691 
4236 8919 8500 16391 9314 7608 8076 5480 13440 4866 13376 6118 6723 588 6654 9193 17341 9151 15982 2198 2124 8144 12782 6035 12884 9231 8844 13075 0 10256 9504 14005 16726 5501 5161 7171 3767 7597 11754 5584 12178 7360 9330 9402 6788 12445 5568 9601 12422 7817 12811 11331 13118 5939 10965 9620 15506 6979 10230 1982 15204 6125 5042 5881 10937 7862 7852 13138 7287 5951 7064 4210 5364 10219 1394 
6020 10233 3586 6135 4736 7354 2180 4776 4492 7668 3408 6508 3533 9792 3602 4683 7085 2397 5726 8158 8132 2112 7860 4981 2628 1025 3744 5501 10256 0 5992 3749 6470 4755 5095 3085 6489 4351 6276 4672 2396 10102 5740 854 7328 3151 6924 655 8282 4915 3493 3747 2862 4317 1597 9142 5250 3277 2930 9628 5484 4131 5214 6041 8667 3154 8010 3006 7719 4305 8254 6046 4892 8985 9872 
10464 16225 9578 8947 10728 13346 4670 4962 10484 13660 9400 12500 6031 9542 5748 10675 9437 8389 6478 11152 10708 8104 13852 4229 6688 5959 9736 11493 9504 5992 0 4669 7322 5857 4343 3695 5737 10343 12268 3920 3596 16094 11732 6502 13320 9143 12916 6513 14274 10907 9485 9739 6508 3967 4395 15134 10798 8725 8922 8876 11476 5669 7330 12033 14659 2838 14002 8998 13711 9393 14246 6204 5862 14977 9120 
9769 11556 5505 4278 6059 8677 5929 8525 5815 9139 4731 7887 7282 13541 7351 6006 4768 4854 1977 11907 11881 5861 9183 8730 2019 4774 5161 6824 14005 3749 4669 0 2721 8504 8844 6834 10238 6408 7599 8421 1827 11425 7063 4603 8651 4474 8437 4404 9605 6238 4816 5070 1839 8066 3040 10465 6129 7026 4253 13377 6807 7880 8963 8124 9990 6143 9333 4329 9042 8054 9577 9795 8641 10308 13621 
12490 8903 8226 1625 7412 9118 8650 11246 3286 11860 3350 10608 10003 16262 10072 7533 2115 7575 1378 14628 14602 8582 6530 11451 3842 7495 7882 4171 16726 6470 7322 2721 0 11225 11565 9555 12959 9129 4972 11142 4548 9366 7396 7324 9938 4281 11158 7125 6952 8909 3915 5395 3608 10787 5761 7812 3476 9747 6496 16098 4154 10601 11684 10845 7337 8864 8874 3588 9439 10775 9662 12516 11362 7655 16342 
4607 10368 3721 10890 4871 7489 2575 895 7939 7803 7875 6643 1222 5037 1153 4818 11840 3650 10481 5295 4851 2643 7995 2938 7383 3730 3879 7574 5501 4755 5857 8504 11225 0 1708 2162 1734 4486 6411 2299 6677 10237 5875 3901 7463 6944 7059 4100 8417 5050 7310 5830 7617 1890 5464 9277 10005 2868 4729 4873 9703 624 1473 6176 8802 3019 8145 7637 7854 3536 8389 1291 137 9120 5117 
6315 12076 5429 11230 6579 9197 2915 813 8279 9511 8215 8351 1882 5393 1599 6526 12180 4240 10821 7003 6559 3955 9703 1230 7723 4070 5587 7914 5161 5095 4343 8844 11565 1708 0 2010 1394 6194 8119 591 7017 11945 7583 4241 9171 7284 8767 4440 10125 6758 7650 6170 7957 778 5804 10985 10345 4576 5069 4533 10043 1520 3181 7884 10510 2701 9853 7977 9562 5244 10097 2055 1713 10828 4777 
6769 12530 5883 9220 7033 9651 975 1691 6789 9965 6205 8805 2336 6707 2053 6980 10170 4694 8811 7457 7013 4409 10157 1896 5713 2264 6041 7798 7171 3085 3695 6834 9555 2162 2010 0 3404 6648 8573 1587 5007 12399 8037 2807 9625 5448 9221 2818 10579 7212 5790 6044 5947 1232 3794 11439 8335 5030 5227 6543 8033 1974 3635 8338 10964 857 10307 5967 10016 5698 10551 2961 2167 11282 6787 
5203 10964 4733 12624 5547 8085 4309 1713 9673 8399 9609 7239 2956 4281 2887 5426 13574 5384 12215 5891 5447 4377 9015 2342 9117 5464 5077 9308 3767 6489 5737 10238 12959 1734 1394 3404 0 5082 7987 1817 8411 10833 6471 5635 8059 8678 7655 5834 9013 5646 9044 7564 9351 2172 7198 9873 11739 3464 6463 3139 11437 2358 2069 6772 9398 4095 8741 9371 8450 4132 8985 943 1597 9716 3383 
3361 5882 903 8794 1717 3003 5673 5381 5843 3317 5779 2157 4312 7133 4595 1596 9744 1954 8385 5499 5473 2239 5185 7424 5287 4384 1247 5478 7597 4351 10343 6408 9129 4486 6194 6648 5082 0 4157 6785 6747 5751 1733 3841 2977 4848 2573 3830 4825 564 5214 3734 5521 6376 5948 4791 7909 1618 2633 6969 7607 4674 3013 1716 4316 7505 3659 5541 3368 1646 3903 4139 4481 4634 7213 
7518 3957 3254 4637 2440 4146 7598 7306 1784 6888 2868 5636 6237 11290 6520 2561 5587 3879 6324 9656 9630 4164 1584 9349 5580 6309 2910 1321 11754 6276 12268 7599 4972 6411 8119 8573 7987 4157 0 8710 8672 4394 2424 5766 4966 3125 6186 5755 2006 3937 2783 2529 5760 8301 7873 2866 3752 4775 3346 11126 3450 6599 6712 5873 2391 9430 3902 3270 4467 5803 4690 7544 6406 2709 11370 
6906 12667 6020 10807 7170 9788 2492 1404 7856 10102 7792 8942 2473 5984 2190 7117 11757 4831 10398 7594 7150 4546 10294 639 7300 3647 6178 7935 5584 4672 3920 8421 11142 2299 591 1587 1817 6785 8710 0 6594 12536 8174 3818 9762 6861 9358 4017 10716 7349 7227 6181 7534 409 5381 11576 9922 5167 5364 4956 9620 2111 3772 8475 11101 2278 10444 7554 10153 5835 10688 2646 2304 11419 5200 
7942 12629 5982 5351 7132 9750 4102 6698 6888 10064 5804 8904 5455 11714 5524 7079 5841 4793 3804 10080 10054 4508 10256 6903 3092 2947 6140 7897 12178 2396 3596 1827 4548 6677 7017 5007 8411 6747 8672 6594 0 12498 8136 2906 9724 5547 9320 2917 10678 7311 5889 6143 2912 6239 1213 11538 7202 5199 5326 11550 7880 6053 7136 8437 11063 4316 10406 5402 10115 6227 10650 7968 6814 11381 11794 
5630 1559 6516 9031 5366 2748 11424 11132 6080 2494 6694 3594 10063 6896 10346 5419 9981 7705 10150 5262 5386 7990 5422 13175 9406 10135 6358 5715 7360 10102 16094 11425 9366 10237 11945 12399 10833 5751 4394 12536 12498 0 4362 9592 2774 6951 3178 9581 5062 5187 6609 6355 9586 12127 11699 2260 8146 7369 7172 9122 7844 10425 8764 4061 3577 13256 2092 7096 2383 6701 1848 9890 10232 2859 8534 
5094 4493 2154 7061 1004 1722 7062 6770 4110 4464 4046 3212 5701 8866 5984 1057 8011 3343 6652 7232 7206 3628 3452 8813 5044 5773 1996 3745 9330 5740 11732 7063 7396 5875 7583 8037 6471 1733 2424 8174 8136 4362 0 5230 2542 3115 3762 5219 3092 1513 3481 2001 5224 7765 7337 3402 6176 3007 2810 8702 5874 6063 4402 3449 2927 8894 2270 3808 2043 3379 2514 5528 5870 3245 8946 
5166 9723 3076 6989 4226 6844 1832 3922 4038 7158 3974 5998 2679 8938 2748 4173 7939 1887 6580 7304 7278 1602 7350 4127 3482 543 3234 4991 9402 854 6502 4603 7324 3901 4241 2807 5635 3841 5766 3818 2906 9592 5230 0 6818 3043 6414 199 7772 4405 3409 3237 3716 3463 2107 8632 6104 2423 2420 8774 5802 3277 4360 5531 8157 3664 7500 3736 7209 3451 7744 5192 4038 8475 9018 
2856 2905 3742 9603 2592 820 8650 8358 6652 1922 6588 820 7289 6324 7572 2645 10553 4931 9194 4690 4664 5216 5994 10401 6632 7361 3584 6287 6788 7328 13320 8651 9938 7463 9171 9625 8059 2977 4966 9762 9724 2774 2542 6818 0 5657 1220 6807 5634 2413 6023 4543 6812 9353 8925 2832 8718 4595 4398 6348 8416 7651 5990 1287 4149 10482 1064 6350 499 3927 926 7116 7458 3431 6404 
8209 7082 3945 3946 3131 4837 4473 6965 1341 7579 931 6327 5722 11981 5791 3252 4896 3294 3537 10347 10321 4301 4709 7170 2455 3214 3601 2350 12445 3151 9143 4474 4281 6944 7284 5448 8678 4848 3125 6861 5547 6951 3115 3043 5657 0 6877 2844 5131 4628 366 1114 2635 6506 4748 5991 3061 5466 2215 11817 2759 6320 7403 6564 5516 6305 4859 693 5158 6494 5381 8235 7081 5834 12061 
2452 3351 3338 10823 3746 2040 8246 7954 7872 744 7808 550 6885 5104 7168 3625 11773 4527 10414 3470 3444 4812 7214 9997 7316 6957 3276 7507 5568 6924 12916 8437 11158 7059 8767 9221 7655 2573 6186 9358 9320 3178 3762 6414 1220 6877 0 6403 6854 2249 7243 5763 7550 8949 8521 4052 9938 4191 4662 5944 9636 7247 5586 883 5369 10078 2284 7570 1719 3523 1496 6712 7054 4651 5356 
5365 9712 3065 6790 4215 6833 1843 4121 3971 7147 3775 5987 2878 9137 2947 4162 7740 1876 6381 7503 7477 1591 7339 4326 3283 554 3223 4980 9601 655 6513 4404 7125 4100 4440 2818 5834 3830 5755 4017 2917 9581 5219 199 6807 2844 6403 0 7761 4394 3210 3226 3517 3662 2118 8621 5905 2622 2409 8973 5603 3476 4559 5520 8146 3675 7489 3537 7198 3650 7733 5391 4237 8464 9217 
8186 3503 4696 5327 3546 4814 9604 9312 3790 7556 4874 6304 8243 11958 8526 3599 4919 5885 8330 10324 10298 6170 422 11355 7586 8315 4538 2781 12422 8282 14274 9605 6952 8417 10125 10579 9013 4825 2006 10716 10678 5062 3092 7772 5634 5131 6854 7761 0 4605 4789 4535 7766 10307 9879 2802 3476 5549 5352 11794 2798 8605 7380 6541 1485 11436 4570 5276 5135 6471 5358 8212 8412 2203 12038 
3581 5318 1329 8574 1497 2439 6237 5945 5623 2951 5559 1699 4876 7353 5159 1376 9524 2518 8165 5719 5693 2803 4965 7988 5067 4948 1171 5258 7817 4915 10907 6238 8909 5050 6758 7212 5646 564 3937 7349 7311 5187 1513 4405 2413 4628 2249 4394 4605 0 4994 3514 5301 6940 6512 4227 7689 2182 2413 7189 7387 5238 3577 1936 3752 8069 3095 5321 2804 1866 3339 4703 5045 4070 7433 
8575 6740 4311 3580 3497 5203 4815 7331 999 7945 565 6693 6088 12347 6157 3618 4530 3660 3541 10713 10687 4667 4367 7536 2797 3580 3967 2008 12811 3493 9485 4816 3915 7310 7650 5790 9044 5214 2783 7227 5889 6609 3481 3409 6023 366 7243 3210 4789 4994 0 1480 2977 6872 5090 5649 2695 5832 2581 12183 2393 6686 7769 6930 5174 6647 4959 487 5524 6860 5747 8601 7447 5492 12427 
7095 6486 2831 5060 2017 3723 5069 5851 2109 6465 2045 5213 4608 10867 4677 2138 6010 2180 4651 9233 9207 3187 4113 6820 3051 3780 2487 1754 11331 3747 9739 5070 5395 5830 6170 6044 7564 3734 2529 6181 6143 6355 2001 3237 4543 1114 5763 3226 4535 3514 1480 0 3231 5772 5344 5395 4175 4352 1101 10703 3873 5206 6289 5450 4920 6901 4263 1807 4044 5380 4507 7121 5967 5238 10947 
8882 9717 4618 3273 4220 6838 5042 7638 3976 8252 2892 7000 6395 12654 6464 4167 4223 3967 2864 11020 10994 4974 7344 7843 234 3887 4274 4985 13118 2862 6508 1839 3608 7617 7957 5947 9351 5521 5760 7534 2912 9586 5224 3716 6812 2635 7550 3517 7766 5301 2977 3231 0 7179 2153 8626 4290 6139 2888 12490 4968 6993 8076 7237 8151 5256 7494 2490 7203 7167 7738 8908 7754 8469 12734 
6497 12258 5611 10452 6761 9379 2137 995 7501 9693 7437 8533 2064 5575 1781 6708 11402 4422 10043 7185 6741 4137 9885 1048 6945 3292 5769 7526 5939 4317 3967 8066 10787 1890 778 1232 2172 6376 8301 409 6239 12127 7765 3463 9353 6506 8949 3662 10307 6940 6872 5772 7179 0 5026 11167 9567 4758 4955 5311 9265 1702 3363 8066 10692 1923 10035 7199 9744 5426 10279 2237 1895 11010 5555 
6729 11830 5183 5426 6333 8951 2889 5485 6089 9265 5005 8105 4242 10501 4311 6280 6376 3994 5017 8867 8841 3709 9457 5690 2293 1734 5341 7098 10965 1597 4395 3040 5761 5464 5804 3794 7198 5948 7873 5381 1213 11699 7337 2107 8925 4748 8521 2118 9879 6512 5090 5344 2153 5026 0 10739 6403 4330 4527 10337 7081 4840 5923 7638 10264 3103 9607 4603 9316 5014 9851 6755 5601 10582 10581 
5384 1091 5556 6771 4406 2012 10464 10172 4650 4754 5734 3502 9103 9156 9386 4459 7721 6745 9190 7522 7496 7030 3162 12215 8446 9175 5398 3641 9620 9142 15134 10465 7812 9277 10985 11439 9873 4791 2866 11576 11538 2260 3402 8632 2832 5991 4052 8621 2802 4227 5649 5395 8626 11167 10739 0 5886 6409 6212 8992 5584 9465 7804 3739 1317 12296 1768 6136 2333 5741 2556 8930 9272 599 9236 
11270 6587 7006 1851 6192 7898 7430 10026 2066 10640 2130 9388 8783 15042 8852 6313 1835 6355 4854 13408 13382 7362 3054 10231 4110 6275 6662 2431 15506 5250 10798 6129 3476 10005 10345 8335 11739 7909 3752 9922 7202 8146 6176 6104 8718 3061 9938 5905 3476 7689 2695 4175 4290 9567 6403 5886 0 8527 5276 14878 678 9381 10464 9625 4569 7960 7654 2368 8219 9555 8442 11296 10142 5287 15122 
2743 7500 1521 9412 2335 4621 4055 3763 6461 4935 6397 3775 2694 6515 2977 2214 10362 2172 9003 4881 4855 1165 5803 5806 5905 2766 1865 6096 6979 3277 8725 7026 9747 2868 4576 5030 3464 1618 4775 5167 5199 7369 3007 2423 4595 5466 4191 2622 5549 2182 5832 4352 6139 4758 4330 6409 8527 0 3251 6351 8225 3056 1937 3308 5934 5887 5277 6159 4986 1028 5521 2769 2863 6252 6595 
5994 7303 1730 6161 1806 4424 4252 4750 3210 5364 3146 4112 3507 9766 3576 1753 7111 1079 5752 8132 8106 2086 4930 6003 2654 2963 1386 2845 10230 2930 8922 4253 6496 4729 5069 5227 6463 2633 3346 5364 5326 7172 2810 2420 4398 2215 4662 2409 5352 2413 2581 1101 2888 4955 4527 6212 5276 3251 0 9602 4974 4105 5188 4349 5737 6084 5080 2908 4789 4279 5324 6020 4866 6055 9846 
3608 9253 7872 15763 8686 6980 7448 4852 12812 6688 12748 5528 6095 2570 6026 8565 16713 8523 15354 4180 3736 7516 12154 4647 12256 8603 8216 12447 1982 9628 8876 13377 16098 4873 4533 6543 3139 6969 11126 4956 11550 9122 8702 8774 6348 11817 5944 8973 11794 7189 12183 10703 12490 5311 10337 8992 14878 6351 9602 0 14576 5497 4414 5253 10309 7234 7224 12510 6739 5323 7274 3582 4736 9591 588 
10968 6285 6704 2529 5890 7596 7128 9724 1764 10338 2076 9086 8481 14740 8550 6011 2137 6053 5532 13106 13080 7060 2422 9929 4788 5973 6360 2129 15204 5484 11476 6807 4154 9703 10043 8033 11437 7607 3450 9620 7880 7844 5874 5802 8416 2759 9636 5603 2798 7387 2393 3873 4968 9265 7081 5584 678 8225 4974 14576 0 9079 10162 9323 4267 8638 7352 2478 7917 9253 8140 10994 9840 4985 14820 
4795 10556 3909 10266 5059 7677 1951 707 7315 7991 7251 6831 598 5661 529 5006 11216 3026 9857 5483 5039 2435 8183 2750 6759 3106 4067 6950 6125 4131 5669 7880 10601 624 1520 1974 2358 4674 6599 2111 6053 10425 6063 3277 7651 6320 7247 3476 8605 5238 6686 5206 6993 1702 4840 9465 9381 3056 4105 5497 9079 0 1661 6364 8990 2831 8333 7013 8042 3724 8577 1915 761 9308 5741 
3134 8895 3458 11349 4272 6016 3034 2368 8398 6330 8334 5170 1681 4578 1612 4151 12299 4109 10940 3822 3378 3102 7740 4411 7842 4189 3802 8033 5042 5214 7330 8963 11684 1473 3181 3635 2069 3013 6712 3772 7136 8764 4402 4360 5990 7403 5586 4559 7380 3577 7769 6289 8076 3363 5923 7804 10464 1937 5188 4414 10162 1661 0 4703 7329 4492 6672 8096 6381 2063 6916 1126 1468 7647 4658 
1645 4192 2619 10510 3433 1727 7363 7071 7559 1627 7495 467 6002 5417 6285 3312 11460 3644 10101 3783 3757 3929 6901 9114 7003 6074 2963 7194 5881 6041 12033 8124 10845 6176 7884 8338 6772 1716 5873 8475 8437 4061 3449 5531 1287 6564 883 5520 6541 1936 6930 5450 7237 8066 7638 3739 9625 3308 4349 5253 9323 6364 4703 0 5056 9195 1971 7257 1678 2640 2213 5829 6171 4338 5497 
6701 2018 5081 5712 3931 3329 9989 9697 4175 6071 5259 4819 8628 10473 8911 3984 6404 6270 8715 8839 8813 6555 1845 11740 7971 8700 4923 3166 10937 8667 14659 9990 7337 8802 10510 10964 9398 4316 2391 11101 11063 3577 2927 8157 4149 5516 5369 8146 1485 3752 5174 4920 8151 10692 10264 1317 4569 5934 5737 10309 4267 8990 7329 5056 0 11821 3085 5661 3650 5266 3873 8455 8797 718 10553 
7626 13387 6740 8529 7890 10508 1832 2382 7646 10822 6562 9662 3193 7398 2910 7837 9479 5551 8120 8314 7870 5266 11014 2587 5022 3121 6898 8655 7862 3154 2838 6143 8864 3019 2701 857 4095 7505 9430 2278 4316 13256 8894 3664 10482 6305 10078 3675 11436 8069 6647 6901 5256 1923 3103 12296 7960 5887 6084 7234 8638 2831 4492 9195 11821 0 11164 6160 10873 6555 11408 3652 3024 12139 7478 
3616 2223 4424 8539 3274 656 9332 9040 5588 2986 5524 1734 7971 7388 8254 3327 9489 5613 8130 5754 5728 5898 4930 11083 7314 8043 4266 5223 7852 8010 14002 9333 8874 8145 9853 10307 8741 3659 3902 10444 10406 2092 2270 7500 1064 4859 2284 7489 4570 3095 4959 4263 7494 10035 9607 1768 7654 5277 5080 7224 7352 8333 6672 1971 3085 11164 0 5286 565 4609 788 7798 8140 2367 7468 
8902 7227 4638 3253 3824 5530 5062 7658 1486 8272 402 7020 6415 12674 6484 3945 4203 3987 3054 11040 11014 4994 4854 7863 2310 3907 4294 2495 13138 3006 8998 4329 3588 7637 7977 5967 9371 5541 3270 7554 5402 7096 3808 3736 6350 693 7570 3537 5276 5321 487 1807 2490 7199 4603 6136 2368 6159 2908 12510 2478 7013 8096 7257 5661 6160 5286 0 5851 7187 6074 8928 7774 5979 12754 
3247 2514 4133 9104 2983 365 9041 8749 6153 2421 6089 1211 7680 6823 7963 3036 10054 5322 8695 5189 5163 5607 5495 10792 7023 7752 3975 5788 7287 7719 13711 9042 9439 7854 9562 10016 8450 3368 4467 10153 10115 2383 2043 7209 499 5158 1719 7198 5135 2804 5524 4044 7203 9744 9316 2333 8219 4986 4789 6739 7917 8042 6381 1678 3650 10873 565 5851 0 4318 535 7507 7849 2932 6903 
1715 6832 2549 10440 3363 3953 4723 4431 7489 4267 7425 3107 3362 5487 3645 3242 11390 3200 10031 3853 3827 2193 6831 6474 6933 3434 2893 7124 5951 4305 9393 8054 10775 3536 5244 5698 4132 1646 5803 5835 6227 6701 3379 3451 3927 6494 3523 3650 6471 1866 6860 5380 7167 5426 5014 5741 9555 1028 4279 5323 9253 3724 2063 2640 5266 6555 4609 7187 4318 0 4853 3189 3531 5584 5567 
3782 1979 4668 9327 3518 900 9576 9284 6376 2198 6312 1746 8215 6600 8498 3571 10277 5857 8918 4966 4940 6142 5718 11327 7558 8287 4510 6011 7064 8254 14246 9577 9662 8389 10097 10551 8985 3903 4690 10688 10650 1848 2514 7744 926 5381 1496 7733 5358 3339 5747 4507 7738 10279 9851 2556 8442 5521 5324 7274 8140 8577 6916 2213 3873 11408 788 6074 535 4853 0 8042 8384 3155 6686 
4260 10021 4290 12181 5104 7142 3866 1270 9230 7456 9166 6296 2513 3746 2444 4983 13131 4941 11772 4948 4504 3934 8572 3285 8674 5021 4634 8865 4210 6046 6204 9795 12516 1291 2055 2961 943 4139 7544 2646 7968 9890 5528 5192 7116 8235 6712 5391 8212 4703 8601 7121 8908 2237 6755 8930 11296 2769 6020 3582 10994 1915 1126 5829 8455 3652 7798 8928 7507 3189 8042 0 1154 8773 3826 
4602 10363 3716 11027 4866 7484 2712 900 8076 7798 8012 6638 1359 4900 1290 4813 11977 3787 10618 5290 4846 2780 7990 2943 7520 3867 3874 7711 5364 4892 5862 8641 11362 137 1713 2167 1597 4481 6406 2304 6814 10232 5870 4038 7458 7081 7054 4237 8412 5045 7447 5967 7754 1895 5601 9272 10142 2863 4866 4736 9840 761 1468 6171 8797 3024 8140 7774 7849 3531 8384 1154 0 9115 4980 
5983 1300 5399 6172 4249 2611 10307 10015 4493 5353 5577 4101 8946 9755 9229 4302 7122 6588 9033 8121 8095 6873 2563 12058 8289 9018 5241 3484 10219 8985 14977 10308 7655 9120 10828 11282 9716 4634 2709 11419 11381 2859 3245 8475 3431 5834 4651 8464 2203 4070 5492 5238 8469 11010 10582 599 5287 6252 6055 9591 4985 9308 7647 4338 718 12139 2367 5979 2932 5584 3155 8773 9115 0 9835 
3852 8665 8116 16007 8930 7224 7692 5096 13056 6100 12992 5734 6339 1982 6270 8809 16957 8767 15598 3592 3148 7760 12398 4891 12500 8847 8460 12691 1394 9872 9120 13621 16342 5117 4777 6787 3383 7213 11370 5200 11794 8534 8946 9018 6404 12061 5356 9217 12038 7433 12427 10947 12734 5555 10581 9236 15122 6595 9846 588 14820 5741 4658 5497 10553 7478 7468 12754 6903 5567 6686 3826 4980 9835 0 

0 11308 9950 11960 13924 6139 9459 10144 1422 8137 12146 9404 6936 14006 4524 14464 3586 2966 2139 9833 1285 6922 12686 12619 14515 11498 5031 9386 12041 3268 4152 6540 3876 5279 8932 10225 5584 7629 6009 14173 5503 8979 8369 7000 9904 13776 598 9148 10675 8803 7686 5926 2855 9687 8643 6133 11327 10145 14328 4608 11435 8149 4499 14654 5456 14333 10301 14559 5182 10021 16255 10147 3397 1780 7219 
11308 0 10988 3078 2616 5169 4167 4492 9886 3171 6216 3612 5404 2698 8132 4722 8516 8342 9169 10819 10763 4386 1378 4263 3207 274 6277 5684 733 9464 7156 4768 7432 6029 4238 2619 6384 3679 5299 2865 5805 7361 5223 4308 2806 2468 10710 2160 5381 9841 3622 7724 13503 10109 9681 5791 2475 3171 3334 6700 8253 9187 11757 3346 5852 3025 8533 5523 10382 11059 4947 4311 12793 9528 8425 
9950 10988 0 7910 10030 11433 6821 6496 9700 12539 4772 7376 5584 9660 5426 7068 6364 12768 10993 2437 8665 12958 9752 6725 7785 11262 5117 5304 10943 6682 13956 7054 6454 9287 6750 8369 4604 13505 7033 10061 5747 3627 16211 7816 13794 8832 10050 10672 5607 1241 9314 4024 9591 2291 1435 5197 8513 7817 7654 10834 4039 3663 7845 9188 12332 9667 2905 7163 6470 977 8859 6677 8881 9376 4513 
11960 3078 7910 0 2120 5821 2501 1816 10538 4629 3138 2556 5024 2046 8784 2504 9168 8994 9821 7741 11415 5048 1842 1185 2555 3352 6929 2606 3033 10116 7808 5420 8084 6681 3028 1735 6376 5595 5951 2213 6457 4283 8301 4960 5884 1816 11362 2812 2303 6763 4274 8376 14155 7031 6603 5827 633 1815 2368 7352 5175 8227 12409 2694 6504 2373 5455 2599 11034 7981 4295 1813 13445 10180 9077 
13924 2616 10030 2120 0 7785 4465 3780 12502 5787 5258 4520 6988 370 10748 3764 11132 10958 11785 9861 13379 7002 1238 3305 2245 2426 8893 4726 1883 12080 9772 7384 10048 8645 4992 3699 8340 6295 7915 249 8421 6403 6181 6924 4020 1198 13326 4776 4423 8883 6238 10340 16119 9151 8723 7791 2597 3779 2376 9316 7295 10191 14373 842 8468 409 7575 4565 12998 10101 2847 3777 15409 12144 11041 
6139 5169 11433 5821 7785 0 4612 4937 4717 1998 6661 4057 5849 7867 6007 8325 5069 3173 4000 11264 5594 1525 6547 6480 8376 5359 6316 6129 5902 4751 2523 4379 4979 2146 4683 4086 6829 2072 4400 8034 5686 7806 4778 3617 3765 7637 5541 3009 5826 10286 2119 7409 8334 10554 10126 6236 5188 4006 8189 1531 8698 9632 6588 8515 899 8194 8978 8420 6665 11504 10116 4756 7624 4359 8702 
9459 4167 6821 2501 4465 4612 0 685 8037 5718 2687 555 2523 4547 6283 5005 6667 6493 7320 6652 8914 6137 3227 3160 5056 4441 4428 1517 4122 7615 7135 2919 5583 4180 527 1548 3875 6684 3450 4714 3956 3194 9390 2459 6973 4317 8861 3851 1216 5674 2493 5875 11654 5942 5514 3326 1868 996 4869 4851 4086 5726 9908 5195 5511 4874 4366 5100 8533 6892 6796 688 10944 7679 6576 
10144 4492 6496 1816 3780 4937 685 0 8722 6043 2002 880 3208 3862 6968 4320 7352 7178 8005 6327 9599 6462 3256 2475 4371 4766 5113 1192 4447 8300 7460 3604 6268 4865 1212 1873 4560 7009 4135 4029 4641 2869 9715 3144 7298 3632 9546 4176 889 5349 2818 6560 12339 5617 5189 4011 2017 1321 4184 5536 3761 6411 10593 4510 5836 4189 4041 4415 9218 6567 6111 181 11629 8364 7261 
1422 9886 9700 10538 12502 4717 8037 8722 0 6715 10724 7982 5514 12584 4274 13042 3336 3068 1293 9531 1035 5500 11264 11197 13093 10076 4583 7964 10619 3018 4256 5118 3246 3857 7510 8803 5096 6207 4587 12751 4081 7557 6947 5578 8482 12354 824 7726 9253 8553 6264 5676 3617 8821 8393 4711 9905 8723 12906 3186 10013 7899 4249 13232 4034 12911 8879 13137 4932 9771 14833 8725 3147 358 6969 
8137 3171 12539 4629 5787 1998 5718 6043 6715 0 7767 5163 6955 5869 7113 6327 6175 5171 5998 12370 7592 1215 4549 5814 6378 3361 7422 7235 3904 6293 3985 5485 6085 3252 5789 4170 7935 966 5506 6036 6792 8912 3672 4723 1767 5639 7539 1867 6932 11392 3225 8515 10332 11660 11232 7342 4026 4722 6191 3529 9804 10738 8586 6517 2681 6196 10084 7074 7771 12610 8118 5862 9622 6357 9808 
12146 6216 4772 3138 5258 6661 2687 2002 10724 7767 0 2742 5210 4888 8970 2318 9354 9180 10007 4603 11601 8186 4980 1953 3013 6490 7115 2760 6171 10302 9184 5606 8270 6867 3214 3597 6562 8733 6137 5289 6643 3167 11439 5146 9022 4060 11548 5900 1471 3625 4542 8562 14341 3893 6185 6013 3741 3045 2882 7538 2037 8413 12595 4416 7560 4895 2317 2413 11220 5727 4109 1999 13631 10366 9263 
9404 3612 7376 2556 4520 4057 555 880 7982 5163 2742 0 2468 4602 6228 5060 6612 6438 7265 7207 8859 5582 3282 3215 5111 3886 4373 2072 3567 7560 6580 2864 5528 4125 626 993 3820 6129 3395 4769 3901 3749 8835 2404 6418 4372 8806 3296 1769 6229 1938 5820 11599 6497 6069 3271 1923 741 4924 4796 4641 5671 9853 5250 4956 4929 4921 5155 8478 7447 6851 743 10889 7624 6521 
6936 5404 5584 5024 6988 5849 2523 3208 5514 6955 5210 2468 0 7070 3760 7528 4144 7184 5409 5415 6391 7374 5750 5683 7579 5678 1905 2450 5359 5092 8372 1470 3060 3703 1996 3289 1352 7921 1449 7237 1433 2043 10627 2232 8210 6840 6338 5088 3739 4437 3730 3352 9131 4705 4277 803 4391 3209 7392 5250 4499 3783 7385 7718 6748 7397 3365 7623 6010 5655 9319 3211 8421 5156 4053 
14006 2698 9660 2046 370 7867 4547 3862 12584 5869 4888 4602 7070 0 10830 3394 11214 11040 11867 9491 13461 7084 1320 2935 1875 2508 8975 4620 1965 12162 9854 7466 10130 8727 5074 3781 8422 6377 7997 401 8503 6033 6551 7006 4134 828 13408 4858 4053 8513 6320 10422 16201 8781 8353 7873 2679 3861 2006 9398 6925 10273 14455 648 8550 327 7205 4195 13080 9731 2477 3859 15491 12226 11123 
4524 8132 5426 8784 10748 6007 6283 6968 4274 7113 8970 6228 3760 10830 0 11288 938 7342 5567 6657 3239 7532 9510 9443 11339 8322 1855 6210 8865 1332 8530 3364 1028 3861 5756 7049 2408 8079 2833 10997 2327 5803 10785 3824 8368 10600 4624 5972 7499 5461 4510 1402 5371 6511 4119 2957 8151 6969 11152 5408 8259 3625 3625 11478 6906 11157 7125 11383 2250 5497 13079 6971 4661 3950 2695 
14464 4722 7068 2504 3764 8325 5005 4320 13042 6327 2318 5060 7528 3394 11288 0 11672 11498 12325 6097 13919 7542 3486 1845 1519 4996 9433 5078 4677 12620 10312 7924 10588 9185 5532 4239 8880 7239 8455 3795 8961 5485 9945 7464 7528 2566 13866 5316 3789 5827 6778 10880 16659 5387 8503 8331 3137 4319 1388 9856 3531 10731 14913 2922 9008 3401 4163 801 13538 8045 1791 4317 15949 12684 11581 
3586 8516 6364 9168 11132 5069 6667 7352 3336 6175 9354 6612 4144 11214 938 11672 0 6404 4629 7041 2301 6594 9894 9827 11723 8706 2239 6594 9249 948 7592 3748 1084 2923 6140 7433 2792 7141 3217 11381 2711 6187 9847 4208 7430 10984 3686 6356 7883 5845 4894 2340 4987 6895 5057 3341 8535 7353 11536 4470 8643 4563 3241 11862 5968 11541 7509 11767 1866 6435 13463 7355 4277 3012 3633 
2966 8342 12768 8994 10958 3173 6493 7178 3068 5171 9180 6438 7184 11040 7342 11498 6404 0 1775 12599 4103 3956 9720 9653 11549 8532 7651 7464 9075 6086 1188 5714 6314 3481 6018 7259 8164 4663 5735 11207 7021 9141 5403 4952 6938 10810 2718 6182 7709 11621 4720 8744 5673 11889 11461 7571 8361 7179 11362 1934 10033 10967 7317 11688 2490 11367 10313 11593 8000 12839 13289 7181 6215 3392 10037 
2139 9169 10993 9821 11785 4000 7320 8005 1293 5998 10007 7265 5409 11867 5567 12325 4629 1775 0 10824 2328 4783 10547 10480 12376 9359 5876 7247 9902 4311 2963 4401 4539 3140 6793 8086 6389 5490 3960 12034 5246 7366 6230 4861 7765 11637 1541 7009 8536 9846 5547 6969 4334 10114 9686 5796 9188 8006 12189 2469 9296 9192 5542 12515 3317 12194 8538 12420 6225 11064 14116 8008 4440 1617 8262 
9833 10819 2437 7741 9861 11264 6652 6327 9531 12370 4603 7207 5415 9491 6657 6097 7041 12599 10824 0 9288 12789 9583 6556 7616 11093 4948 5135 10774 7989 13787 6885 6285 9118 6581 8200 4435 13336 6864 9892 5578 3458 16042 7647 13625 8663 9881 10503 5438 1196 9145 6249 12028 710 3872 5028 8344 7648 7485 10665 2566 6100 10282 9019 12163 9498 2286 5296 8907 3414 7014 6508 11318 9207 6950 
1285 10763 8665 11415 13379 5594 8914 9599 1035 7592 11601 8859 6391 13461 3239 13919 2301 4103 2328 9288 0 6377 12141 12074 13970 10953 4486 8841 11496 1983 5291 5995 3331 4734 8387 9680 5039 7084 5464 13628 4958 8434 7824 6455 9359 13231 1385 8603 10130 8092 7141 4641 2740 9142 7358 5588 10782 9600 13783 4063 10890 6864 3214 14109 4911 13788 9756 14014 3897 8736 15710 9602 2112 1235 5934 
6922 4386 12958 5048 7002 1525 6137 6462 5500 1215 8186 5582 7374 7084 7532 7542 6594 3956 4783 12789 6377 0 5764 6233 7593 4576 7841 7654 5119 6276 2770 5904 6504 3671 6208 4589 8354 707 5925 7251 7211 9331 3253 5142 2982 6854 6324 2286 7351 11811 3644 8934 9117 12079 11651 7761 4445 5141 7406 2314 10223 11157 7507 7732 1466 7411 10503 7637 8190 13029 9333 6281 8407 5142 10227 
12686 1378 9752 1842 1238 6547 3227 3256 11264 4549 4980 3282 5750 1320 9510 3486 9894 9720 10547 9583 12141 5764 0 3027 1967 1510 7655 4448 1191 10842 8534 6146 8810 7407 3754 2461 7102 5057 6677 1487 7183 6125 6459 5686 4042 1090 12088 3538 4145 8605 5000 9102 14881 8873 8445 6553 1359 2541 2098 8078 7017 8953 13135 1968 7230 1647 7297 4287 11760 9823 3569 3075 14171 10906 9803 
12619 4263 6725 1185 3305 6480 3160 2475 11197 5814 1953 3215 5683 2935 9443 1845 9827 9653 10480 6556 12074 6233 3027 0 1896 4537 7588 3233 4218 10775 8467 6079 8743 7340 3687 2394 7035 6780 6610 3336 7116 3640 9486 5619 7069 2107 12021 3947 1944 5578 4933 9035 14814 5846 6658 6486 1788 2474 1709 8011 3990 8886 13068 2463 7163 2942 4270 1940 11693 6796 3636 2472 14104 10839 9736 
14515 3207 7785 2555 2245 8376 5056 4371 13093 6378 3013 5111 7579 1875 11339 1519 11723 11549 12376 7616 13970 7593 1967 1896 0 3477 9484 5129 3158 12671 10363 7975 10639 9236 5583 4290 8931 6886 8506 2276 9012 5536 8426 7515 6009 1047 13917 5367 3840 6638 6829 10931 16710 6906 8554 8382 3188 4370 187 9907 5050 10782 14964 1403 9059 1882 5330 2320 13589 8096 1740 4368 16000 12735 11632 
11498 274 11262 3352 2426 5359 4441 4766 10076 3361 6490 3886 5678 2508 8322 4996 8706 8532 9359 11093 10953 4576 1510 4537 3477 0 6467 5958 543 9654 7346 4958 7622 6219 4512 2893 6658 3869 5489 2675 5995 7635 4949 4498 2532 2430 10900 2350 5655 10115 3812 7914 13693 10383 9955 6065 2749 3445 3608 6890 8527 9461 11947 3156 6042 2835 8807 5797 10572 11333 4757 4585 12983 9718 8615 
5031 6277 5117 6929 8893 6316 4428 5113 4583 7422 7115 4373 1905 8975 1855 9433 2239 7651 5876 4948 4486 7841 7655 7588 9484 6467 0 4355 7010 3187 8839 1937 1337 4170 3901 5194 553 8388 1916 9142 630 3948 11094 2699 8677 8745 4933 5555 5644 3970 4197 1447 7226 4656 3810 1102 6296 5114 9297 5717 6404 3316 5480 9623 7215 9302 5270 9528 4105 5188 11224 5116 6516 4259 2386 
9386 5684 5304 2606 4726 6129 1517 1192 7964 7235 2760 2072 2450 4620 6210 5078 6594 7464 7247 5135 8841 7654 4448 3233 5129 5958 4355 0 5639 7542 8652 2846 5510 4107 1446 3065 3802 8201 3377 4787 3883 1677 10907 2512 8490 4390 8788 5368 1289 4157 4010 5802 11581 4425 3997 3253 3209 2513 4942 5530 2569 5653 9835 5268 7028 4947 2849 5173 8460 5375 6869 1373 10871 7606 6503 
12041 733 10943 3033 1883 5902 4122 4447 10619 3904 6171 3567 5359 1965 8865 4677 9249 9075 9902 10774 11496 5119 1191 4218 3158 543 7010 5639 0 10197 7889 5501 8165 6762 4193 2574 6457 4412 6032 2132 6538 7316 5268 5041 2851 2111 11443 2893 5336 9796 4355 8457 14236 10064 9636 5908 2430 3126 3289 7433 8208 9142 12490 2613 6585 2292 8488 5478 11115 11014 4214 4266 13526 10261 9158 
