0 96 83 138 77 
96 0 93 80 51 
83 93 0 55 74 
138 80 55 0 105 
77 51 74 105 0 

0 86 31 43 7 
86 0 79 63 79 
31 79 0 16 36 
43 63 16 0 48 
7 79 36 48 0 

0 29 131 43 30 
29 0 102 30 39 
131 102 0 88 101 
43 30 88 0 13 
30 39 101 13 0 

0 4 28 77 71 
4 0 24 81 75 
28 24 0 105 99 
77 81 105 0 6 
71 75 99 6 0 

0 88 54 24 87 
88 0 66 64 21 
54 66 0 56 65 
24 64 56 0 63 
87 21 65 63 0 

0 9 47 34 76 
9 0 54 41 85 
47 54 0 13 47 
34 41 13 0 48 
76 85 47 48 0 

0 51 33 54 88 
51 0 44 33 37 
33 44 0 21 81 
54 33 21 0 70 
88 37 81 70 0 

0 74 65 54 132 
74 0 139 50 80 
65 139 0 89 95 
54 50 89 0 78 
132 80 95 78 0 

0 21 19 36 44 
21 0 26 33 39 
19 26 0 41 49 
36 33 41 0 8 
44 39 49 8 0 

0 82 41 74 79 
82 0 115 20 9 
41 115 0 115 106 
74 20 115 0 17 
79 9 106 17 0 

0 129 141 118 22 
129 0 34 25 107 
141 34 0 23 119 
118 25 23 0 96 
22 107 119 96 0 

0 103 11 83 11 
103 0 94 54 98 
11 94 0 74 22 
83 54 74 0 78 
11 98 22 78 0 

0 63 145 113 83 
63 0 100 68 110 
145 100 0 32 62 
113 68 32 0 64 
83 110 62 64 0 

0 43 65 3 98 
43 0 66 46 141 
65 66 0 66 97 
3 46 66 0 95 
98 141 97 95 0 

0 27 41 35 77 
27 0 14 46 50 
41 14 0 56 36 
35 46 56 0 42 
77 50 36 42 0 

0 124 118 77 74 
124 0 38 73 138 
118 38 0 41 100 
77 73 41 0 65 
74 138 100 65 0 

0 54 48 124 39 
54 0 20 98 15 
48 20 0 92 29 
124 98 92 0 107 
39 15 29 107 0 

0 95 75 93 158 
95 0 20 14 63 
75 20 0 18 83 
93 14 18 0 69 
158 63 83 69 0 

0 79 40 108 114 
79 0 81 29 35 
40 81 0 70 104 
108 29 70 0 46 
114 35 104 46 0 

0 159 136 18 104 
159 0 61 141 55 
136 61 0 118 106 
18 141 118 0 86 
104 55 106 86 0 

0 39 100 142 67 
39 0 95 103 100 
100 95 0 54 35 
142 103 54 0 77 
67 100 35 77 0 

0 125 116 9 104 
125 0 49 116 21 
116 49 0 107 34 
9 116 107 0 95 
104 21 34 95 0 

0 76 52 68 66 
76 0 24 8 10 
52 24 0 16 16 
68 8 16 0 2 
66 10 16 2 0 

0 88 45 85 58 
88 0 43 3 118 
45 43 0 40 75 
85 3 40 0 115 
58 118 75 115 0 

0 14 36 106 73 
14 0 50 108 87 
36 50 0 72 37 
106 108 72 0 109 
73 87 37 109 0 

0 49 73 50 40 
49 0 96 27 45 
73 96 0 123 113 
50 27 123 0 18 
40 45 113 18 0 

0 80 73 84 97 
80 0 11 28 53 
73 11 0 17 52 
84 28 17 0 69 
97 53 52 69 0 

0 52 47 35 93 
52 0 59 65 107 
47 59 0 12 140 
35 65 12 0 128 
93 107 140 128 0 

0 51 75 117 65 
51 0 74 66 64 
75 74 0 136 84 
117 66 136 0 52 
65 64 84 52 0 

0 105 89 56 75 
105 0 92 49 144 
89 92 0 55 52 
56 49 55 0 95 
75 144 52 95 0 

0 98 44 137 37 
98 0 54 57 65 
44 54 0 93 21 
137 57 93 0 100 
37 65 21 100 0 

0 19 25 71 41 
19 0 36 60 36 
25 36 0 96 66 
71 60 96 0 30 
41 36 66 30 0 

0 48 124 77 80 
48 0 108 61 64 
124 108 0 47 44 
77 61 47 0 43 
80 64 44 43 0 

0 139 69 131 55 
139 0 70 64 84 
69 70 0 62 32 
131 64 62 0 76 
55 84 32 76 0 

0 62 93 28 59 
62 0 31 56 121 
93 31 0 87 152 
28 56 87 0 65 
59 121 152 65 0 

0 1 101 58 46 
1 0 102 59 45 
101 102 0 43 71 
58 59 43 0 96 
46 45 71 96 0 

0 100 142 64 82 
100 0 66 58 150 
142 66 0 78 84 
64 58 78 0 92 
82 150 84 92 0 

0 81 121 75 124 
81 0 40 36 43 
121 40 0 50 3 
75 36 50 0 49 
124 43 3 49 0 

0 78 117 73 68 
78 0 123 83 124 
117 123 0 44 49 
73 83 44 0 41 
68 124 49 41 0 

0 94 79 55 49 
94 0 39 39 79 
79 39 0 34 64 
55 39 34 0 40 
49 79 64 40 0 

0 34 39 12 76 
34 0 73 46 110 
39 73 0 27 37 
12 46 27 0 64 
76 110 37 64 0 

0 47 46 52 76 
47 0 91 45 93 
46 91 0 96 122 
52 45 96 0 98 
76 93 122 98 0 

0 69 36 77 67 
69 0 33 86 68 
36 33 0 53 43 
77 86 53 0 18 
67 68 43 18 0 

0 125 21 109 58 
125 0 126 16 67 
21 126 0 110 59 
109 16 110 0 51 
58 67 59 51 0 

0 63 114 15 108 
63 0 59 78 91 
114 59 0 99 76 
15 78 99 0 93 
108 91 76 93 0 

0 42 59 37 65 
42 0 101 37 107 
59 101 0 96 48 
37 37 96 0 102 
65 107 48 102 0 

0 30 60 50 43 
30 0 90 22 43 
60 90 0 110 47 
50 22 110 0 63 
43 43 47 63 0 

0 44 61 66 80 
44 0 51 38 44 
61 51 0 73 87 
66 38 73 0 14 
80 44 87 14 0 

0 80 101 47 65 
80 0 91 41 47 
101 91 0 90 44 
47 41 90 0 54 
65 47 44 54 0 

0 91 29 93 69 
91 0 108 50 66 
29 108 0 110 86 
93 50 110 0 24 
69 66 86 24 0 

0 55 66 50 59 
55 0 121 79 114 
66 121 0 98 21 
50 79 98 0 91 
59 114 21 91 0 

0 58 57 60 40 
58 0 45 28 98 
57 45 0 17 53 
60 28 17 0 70 
40 98 53 70 0 

0 89 42 112 121 
89 0 49 23 32 
42 49 0 70 79 
112 23 70 0 37 
121 32 79 37 0 

0 48 75 32 28 
48 0 27 44 50 
75 27 0 71 73 
32 44 71 0 60 
28 50 73 60 0 

0 40 74 101 31 
40 0 36 141 33 
74 36 0 175 67 
101 141 175 0 108 
31 33 67 108 0 

0 42 62 58 67 
42 0 36 32 93 
62 36 0 12 129 
58 32 12 0 125 
67 93 129 125 0 

0 26 65 71 26 
26 0 59 77 20 
65 59 0 136 39 
71 77 136 0 97 
26 20 39 97 0 

0 68 104 80 81 
68 0 134 42 49 
104 134 0 92 85 
80 42 92 0 7 
81 49 85 7 0 

0 52 41 34 31 
52 0 93 24 21 
41 93 0 75 72 
34 24 75 0 17 
31 21 72 17 0 

0 80 94 31 91 
80 0 54 49 11 
94 54 0 63 49 
31 49 63 0 60 
91 11 49 60 0 

0 54 89 90 68 
54 0 73 38 64 
89 73 0 35 137 
90 38 35 0 102 
68 64 137 102 0 

0 98 10 60 65 
98 0 108 68 33 
10 108 0 70 75 
60 68 70 0 47 
65 33 75 47 0 

0 39 47 12 56 
39 0 86 51 21 
47 86 0 35 73 
12 51 35 0 54 
56 21 73 54 0 

0 56 58 65 22 
56 0 86 37 50 
58 86 0 49 42 
65 37 49 0 49 
22 50 42 49 0 

0 66 74 45 73 
66 0 116 111 19 
74 116 0 61 123 
45 111 61 0 118 
73 19 123 118 0 

0 10 70 44 28 
10 0 78 54 38 
70 78 0 54 84 
44 54 54 0 50 
28 38 84 50 0 

0 37 84 73 45 
37 0 47 110 10 
84 47 0 157 39 
73 110 157 0 118 
45 10 39 118 0 

0 17 7 28 43 
17 0 12 25 46 
7 12 0 21 50 
28 25 21 0 71 
43 46 50 71 0 

