0 69 103 50 53 74 88 60 
69 0 34 47 52 49 19 59 
103 34 0 53 50 29 31 83 
50 47 53 0 5 24 54 106 
53 52 50 5 0 21 59 111 
74 49 29 24 21 0 56 108 
88 19 31 54 59 56 0 52 
60 59 83 106 111 108 52 0 

0 57 57 21 119 10 57 88 
57 0 70 36 132 47 70 61 
57 70 0 64 62 67 14 45 
21 36 64 0 126 11 64 67 
119 132 62 126 0 129 62 71 
10 47 67 11 129 0 67 78 
57 70 14 64 62 67 0 31 
88 61 45 67 71 78 31 0 

0 4 55 127 107 118 91 120 
4 0 59 131 111 118 91 120 
55 59 0 72 72 127 100 129 
127 131 72 0 20 127 120 107 
107 111 72 20 0 107 100 87 
118 118 127 127 107 0 27 20 
91 91 100 120 100 27 0 29 
120 120 129 107 87 20 29 0 

0 34 49 51 66 90 64 39 
34 0 35 85 100 70 98 15 
49 35 0 50 65 41 63 40 
51 85 50 0 41 55 47 90 
66 100 65 41 0 96 6 105 
90 70 41 55 96 0 102 71 
64 98 63 47 6 102 0 103 
39 15 40 90 105 71 103 0 

0 8 113 32 40 107 82 26 
8 0 105 28 36 111 74 18 
113 105 0 123 89 98 35 87 
32 28 123 0 34 139 92 42 
40 36 89 34 0 147 94 50 
107 111 98 139 147 0 67 97 
82 74 35 92 94 67 0 56 
26 18 87 42 50 97 56 0 

0 90 64 40 75 57 19 43 
90 0 82 58 93 37 71 65 
64 82 0 104 11 119 51 21 
40 58 104 0 115 25 53 83 
75 93 11 115 0 130 62 32 
57 37 119 25 130 0 68 98 
19 71 51 53 62 68 0 30 
43 65 21 83 32 98 30 0 

0 93 141 67 34 90 39 81 
93 0 48 66 65 65 60 100 
141 48 0 74 113 51 108 80 
67 66 74 0 81 23 34 34 
34 65 113 81 0 80 73 115 
90 65 51 23 80 0 57 35 
39 60 108 34 73 57 0 42 
81 100 80 34 115 35 42 0 

0 64 6 75 41 50 15 25 
64 0 70 139 51 66 79 41 
6 70 0 69 39 48 13 31 
75 139 69 0 88 73 64 100 
41 51 39 88 0 15 52 34 
50 66 48 73 15 0 61 43 
15 79 13 64 52 61 0 40 
25 41 31 100 34 43 40 0 

0 36 80 52 32 37 31 42 
36 0 68 24 4 27 11 14 
80 68 0 92 72 77 71 82 
52 24 92 0 20 41 25 20 
32 4 72 20 0 23 7 10 
37 27 77 41 23 0 16 21 
31 11 71 25 7 16 0 11 
42 14 82 20 10 21 11 0 

0 47 17 110 73 60 95 94 
47 0 30 63 26 15 104 103 
17 30 0 93 56 43 98 97 
110 63 93 0 37 50 93 92 
73 26 56 37 0 25 94 93 
60 15 43 50 25 0 119 118 
95 104 98 93 94 119 0 13 
94 103 97 92 93 118 13 0 

0 44 52 75 46 87 38 57 
44 0 96 53 90 43 60 99 
52 96 0 95 24 139 66 29 
75 53 95 0 89 74 113 98 
46 90 24 89 0 133 42 53 
87 43 139 74 133 0 93 142 
38 60 66 113 42 93 0 95 
57 99 29 98 53 142 95 0 

0 62 41 129 137 75 80 30 
62 0 27 127 135 53 78 32 
41 27 0 154 162 80 105 11 
129 127 154 0 12 74 49 153 
137 135 162 12 0 82 57 161 
75 53 80 74 82 0 25 79 
80 78 105 49 57 25 0 104 
30 32 11 153 161 79 104 0 

0 15 49 27 88 137 85 130 
15 0 50 42 73 122 70 115 
49 50 0 62 57 106 62 99 
27 42 62 0 115 164 112 157 
88 73 57 115 0 49 13 42 
137 122 106 164 49 0 52 45 
85 70 62 112 13 52 0 45 
130 115 99 157 42 45 45 0 

0 79 61 100 36 49 43 138 
79 0 54 21 55 52 36 59 
61 54 0 55 97 106 50 91 
100 21 55 0 76 51 57 38 
36 55 97 76 0 25 47 114 
49 52 106 51 25 0 56 89 
43 36 50 57 47 56 0 95 
138 59 91 38 114 89 95 0 

0 28 23 134 82 45 85 140 
28 0 7 118 66 73 69 124 
23 7 0 111 59 66 62 117 
134 118 111 0 52 121 49 20 
82 66 59 52 0 107 27 66 
45 73 66 121 107 0 80 127 
85 69 62 49 27 80 0 55 
140 124 117 20 66 127 55 0 

0 90 72 25 105 76 94 53 
90 0 18 77 49 54 14 51 
72 18 0 79 59 64 22 33 
25 77 79 0 92 63 83 78 
105 49 59 92 0 29 63 66 
76 54 64 63 29 0 68 63 
94 14 22 83 63 68 0 55 
53 51 33 78 66 63 55 0 

0 71 95 48 39 76 75 53 
71 0 24 23 54 75 48 18 
95 24 0 47 78 73 46 42 
48 23 47 0 39 76 49 15 
39 54 78 39 0 115 88 54 
76 75 73 76 115 0 35 61 
75 48 46 49 88 35 0 34 
53 18 42 15 54 61 34 0 

0 85 110 120 88 32 107 130 
85 0 95 35 79 99 50 111 
110 95 0 76 22 78 45 20 
120 35 76 0 60 88 31 92 
88 79 22 60 0 56 29 42 
32 99 78 88 56 0 75 98 
107 50 45 31 29 75 0 61 
130 111 20 92 42 98 61 0 

0 92 54 37 86 65 82 25 
92 0 62 75 12 27 38 103 
54 62 0 17 56 55 74 41 
37 75 17 0 69 48 65 28 
86 12 56 69 0 21 26 97 
65 27 55 48 21 0 19 76 
82 38 74 65 26 19 0 93 
25 103 41 28 97 76 93 0 

0 13 125 104 23 65 128 45 
13 0 138 117 26 78 141 42 
125 138 0 21 112 60 19 100 
104 117 21 0 91 39 24 79 
23 26 112 91 0 52 115 22 
65 78 60 39 52 0 63 40 
128 141 19 24 115 63 0 103 
45 42 100 79 22 40 103 0 

0 168 39 41 106 107 103 61 
168 0 129 127 62 83 83 107 
39 129 0 46 67 92 92 52 
41 127 46 0 81 66 62 20 
106 62 67 81 0 127 127 87 
107 83 92 66 127 0 4 46 
103 83 92 62 127 4 0 42 
61 107 52 20 87 46 42 0 

0 40 29 83 90 113 34 25 
40 0 49 43 50 73 70 55 
29 49 0 78 61 84 21 44 
83 43 78 0 21 30 99 98 
90 50 61 21 0 23 78 105 
113 73 84 30 23 0 95 128 
34 70 21 99 78 95 0 59 
25 55 44 98 105 128 59 0 

0 91 111 80 81 88 112 150 
91 0 120 131 46 85 103 71 
111 120 0 31 74 35 17 67 
80 131 31 0 85 46 32 78 
81 46 74 85 0 39 57 69 
88 85 35 46 39 0 24 62 
112 103 17 32 57 24 0 50 
150 71 67 78 69 62 50 0 

0 66 74 87 16 109 19 39 
66 0 78 25 82 43 85 27 
74 78 0 75 60 97 73 105 
87 25 75 0 103 22 106 52 
16 82 60 103 0 125 13 55 
109 43 97 22 125 0 128 70 
19 85 73 106 13 128 0 58 
39 27 105 52 55 70 58 0 

0 81 92 56 53 12 123 24 
81 0 91 29 38 93 68 105 
92 91 0 66 63 86 31 72 
56 29 66 0 9 68 75 80 
53 38 63 9 0 65 84 77 
12 93 86 68 65 0 117 14 
123 68 31 75 84 117 0 103 
24 105 72 80 77 14 103 0 

0 47 107 47 39 114 73 37 
47 0 124 30 66 67 26 10 
107 124 0 154 76 103 104 134 
47 30 154 0 86 73 50 20 
39 66 76 86 0 133 92 66 
114 67 103 73 133 0 41 77 
73 26 104 50 92 41 0 36 
37 10 134 20 66 77 36 0 

0 23 92 50 96 74 122 92 
23 0 101 73 105 77 131 69 
92 101 0 104 22 24 30 56 
50 73 104 0 126 124 100 142 
96 105 22 126 0 28 26 60 
74 77 24 124 28 0 54 32 
122 131 30 100 26 54 0 86 
92 69 56 142 60 32 86 0 

0 85 68 77 36 13 28 102 
85 0 117 162 83 72 111 79 
68 117 0 45 34 75 40 38 
77 162 45 0 79 90 51 83 
36 83 34 79 0 43 28 66 
13 72 75 90 43 0 39 109 
28 111 40 51 28 39 0 74 
102 79 38 83 66 109 74 0 

0 70 44 69 73 57 33 64 
70 0 78 27 5 13 43 6 
44 78 0 55 73 91 77 82 
69 27 55 0 22 40 42 31 
73 5 73 22 0 18 46 9 
57 13 91 40 18 0 30 9 
33 43 77 42 46 30 0 37 
64 6 82 31 9 9 37 0 

0 93 72 126 116 119 108 82 
93 0 39 39 49 32 79 129 
72 39 0 72 74 65 104 154 
126 39 72 0 10 7 40 94 
116 49 74 10 0 17 30 84 
119 32 65 7 17 0 47 97 
108 79 104 40 30 47 0 76 
82 129 154 94 84 97 76 0 

0 70 76 91 50 47 75 29 
70 0 8 87 70 65 43 99 
76 8 0 85 76 71 35 105 
91 87 85 0 41 44 84 74 
50 70 76 41 0 5 75 33 
47 65 71 44 5 0 70 34 
75 43 35 84 75 70 0 104 
29 99 105 74 33 34 104 0 

0 110 13 72 30 37 35 18 
110 0 109 82 98 105 75 114 
13 109 0 85 43 24 34 31 
72 82 85 0 42 109 103 54 
30 98 43 42 0 67 61 16 
37 105 24 109 67 0 30 55 
35 75 34 103 61 30 0 49 
18 114 31 54 16 55 49 0 

0 53 46 97 86 80 93 9 
53 0 53 60 33 43 56 62 
46 53 0 51 86 34 47 41 
97 60 51 0 61 17 20 92 
86 33 86 61 0 56 41 95 
80 43 34 17 56 0 15 75 
93 56 47 20 41 15 0 88 
9 62 41 92 95 75 88 0 

0 36 5 68 39 114 44 69 
36 0 41 80 3 78 56 55 
5 41 0 65 44 119 43 74 
68 80 65 0 83 118 42 73 
39 3 44 83 0 75 59 58 
114 78 119 118 75 0 76 45 
44 56 43 42 59 76 0 31 
69 55 74 73 58 45 31 0 

0 121 91 112 9 85 86 104 
121 0 80 25 130 36 59 19 
91 80 0 55 100 70 21 99 
112 25 55 0 121 27 34 44 
9 130 100 121 0 94 95 113 
85 36 70 27 94 0 49 29 
86 59 21 34 95 49 0 78 
104 19 99 44 113 29 78 0 

0 115 129 78 87 94 44 79 
115 0 20 37 56 103 73 36 
129 20 0 51 76 123 87 50 
78 37 51 0 85 132 36 55 
87 56 76 85 0 47 69 30 
94 103 123 132 47 0 116 77 
44 73 87 36 69 116 0 39 
79 36 50 55 30 77 39 0 

0 56 62 38 83 79 77 14 
56 0 38 18 27 33 35 42 
62 38 0 32 37 33 73 60 
38 18 32 0 45 41 41 28 
83 27 37 45 0 26 42 69 
79 33 33 41 26 0 68 65 
77 35 73 41 42 68 0 63 
14 42 60 28 69 65 63 0 

0 81 36 57 69 51 20 53 
81 0 113 24 12 30 91 68 
36 113 0 89 101 83 22 45 
57 24 89 0 28 36 67 66 
69 12 101 28 0 18 79 56 
51 30 83 36 18 0 61 38 
20 91 22 67 79 61 0 33 
53 68 45 66 56 38 33 0 

0 76 63 51 63 30 59 79 
76 0 89 31 37 56 55 19 
63 89 0 114 126 33 58 108 
51 31 114 0 12 81 80 34 
63 37 126 12 0 93 92 24 
30 56 33 81 93 0 33 75 
59 55 58 80 92 33 0 74 
79 19 108 34 24 75 74 0 

0 53 86 121 23 62 47 45 
53 0 33 96 30 95 100 98 
86 33 0 95 63 128 133 131 
121 96 95 0 114 65 82 84 
23 30 63 114 0 65 70 68 
62 95 128 65 65 0 23 25 
47 100 133 82 70 23 0 2 
45 98 131 84 68 25 2 0 

0 77 52 19 63 61 58 25 
77 0 29 84 30 78 19 52 
52 29 0 55 41 89 10 41 
19 84 55 0 70 68 65 32 
63 30 41 70 0 48 47 38 
61 78 89 68 48 0 95 48 
58 19 10 65 47 95 0 47 
25 52 41 32 38 48 47 0 

0 18 53 91 31 31 73 56 
18 0 35 73 37 29 71 52 
53 35 0 38 72 60 102 83 
91 73 38 0 110 76 96 63 
31 37 72 110 0 34 42 75 
31 29 60 76 34 0 42 41 
73 71 102 96 42 42 0 61 
56 52 83 63 75 41 61 0 

0 64 72 82 106 48 86 131 
64 0 92 24 72 36 22 77 
72 92 0 110 34 56 114 59 
82 24 110 0 90 54 16 57 
106 72 34 90 0 58 94 33 
48 36 56 54 58 0 58 83 
86 22 114 16 94 58 0 69 
131 77 59 57 33 83 69 0 

0 53 48 50 95 75 70 80 
53 0 33 9 48 74 21 35 
48 33 0 36 81 69 22 66 
50 9 36 0 45 65 26 30 
95 48 81 45 0 34 69 15 
75 74 69 65 34 0 91 39 
70 21 22 26 69 91 0 54 
80 35 66 30 15 39 54 0 

0 117 90 154 28 44 43 72 
117 0 103 37 109 73 74 45 
90 103 0 70 82 56 49 132 
154 37 70 0 146 110 111 82 
28 109 82 146 0 36 35 76 
44 73 56 110 36 0 7 76 
43 74 49 111 35 7 0 83 
72 45 132 82 76 76 83 0 

0 90 93 28 53 47 51 153 
90 0 125 78 103 67 95 85 
93 125 0 65 58 58 42 60 
28 78 65 0 25 19 23 125 
53 103 58 25 0 36 16 118 
47 67 58 19 36 0 28 106 
51 95 42 23 16 28 0 102 
153 85 60 125 118 106 102 0 

0 49 107 118 35 64 99 36 
49 0 74 69 84 15 78 13 
107 74 0 61 142 85 8 81 
118 69 61 0 153 54 65 82 
35 84 142 153 0 99 134 71 
64 15 85 54 99 0 89 28 
99 78 8 65 134 89 0 85 
36 13 81 82 71 28 85 0 

0 66 99 17 51 63 99 74 
66 0 63 65 69 9 33 72 
99 63 0 82 48 72 60 25 
17 65 82 0 34 74 82 57 
51 69 48 34 0 78 66 23 
63 9 72 74 78 0 36 81 
99 33 60 82 66 36 0 69 
74 72 25 57 23 81 69 0 

0 99 70 58 56 93 113 131 
99 0 63 41 43 44 106 32 
70 63 0 66 74 51 43 89 
58 41 66 0 8 47 109 73 
56 43 74 8 0 55 117 75 
93 44 51 47 55 0 62 38 
113 106 43 109 117 62 0 80 
131 32 89 73 75 38 80 0 

0 132 64 102 68 145 35 41 
132 0 86 50 64 13 135 91 
64 86 0 94 22 99 49 53 
102 50 94 0 86 43 105 61 
68 64 22 86 0 77 71 45 
145 13 99 43 77 0 148 104 
35 135 49 105 71 148 0 44 
41 91 53 61 45 104 44 0 

0 47 122 91 118 46 37 37 
47 0 111 44 107 93 84 80 
122 111 0 83 28 82 97 85 
91 44 83 0 79 137 128 124 
118 107 28 79 0 100 93 87 
46 93 82 137 100 0 15 13 
37 84 97 128 93 15 0 12 
37 80 85 124 87 13 12 0 

0 37 38 51 56 126 41 91 
37 0 69 14 87 89 72 68 
38 69 0 79 24 154 63 119 
51 14 79 0 85 75 70 66 
56 87 24 85 0 130 39 95 
126 89 154 75 130 0 91 35 
41 72 63 70 39 91 0 56 
91 68 119 66 95 35 56 0 

0 38 51 16 47 59 24 31 
38 0 19 22 85 69 56 69 
51 19 0 35 80 64 75 64 
16 22 35 0 63 47 40 47 
47 85 80 63 0 40 59 16 
59 69 64 47 40 0 83 50 
24 56 75 40 59 83 0 43 
31 69 64 47 16 50 43 0 

0 116 108 55 72 105 24 11 
116 0 102 137 44 107 102 105 
108 102 0 53 58 5 84 111 
55 137 53 0 93 50 35 58 
72 44 58 93 0 63 58 69 
105 107 5 50 63 0 81 108 
24 102 84 35 58 81 0 27 
11 105 111 58 69 108 27 0 

0 56 68 89 14 103 38 38 
56 0 78 33 46 47 76 94 
68 78 0 61 54 51 106 90 
89 33 61 0 79 14 109 127 
14 46 54 79 0 93 52 48 
103 47 51 14 93 0 123 141 
38 76 106 109 52 123 0 36 
38 94 90 127 48 141 36 0 

0 15 27 15 49 63 102 27 
15 0 18 14 50 64 103 28 
27 18 0 12 68 82 121 46 
15 14 12 0 64 78 117 42 
49 50 68 64 0 44 53 32 
63 64 82 78 44 0 71 36 
102 103 121 117 53 71 0 75 
27 28 46 42 32 36 75 0 

0 74 109 42 44 80 8 10 
74 0 41 42 32 92 66 70 
109 41 0 67 65 51 101 99 
42 42 67 0 10 50 34 32 
44 32 65 10 0 60 36 38 
80 92 51 50 60 0 72 70 
8 66 101 34 36 72 0 10 
10 70 99 32 38 70 10 0 

0 48 61 127 30 70 41 80 
48 0 25 115 32 58 89 32 
61 25 0 90 57 49 102 19 
127 115 90 0 147 57 94 101 
30 32 57 147 0 90 71 50 
70 58 49 57 90 0 53 68 
41 89 102 94 71 53 0 121 
80 32 19 101 50 68 121 0 

0 83 35 48 65 85 60 76 
83 0 60 51 148 168 61 159 
35 60 0 13 88 108 95 99 
48 51 13 0 97 117 108 108 
65 148 88 97 0 34 117 17 
85 168 108 117 34 0 137 17 
60 61 95 108 117 137 0 128 
76 159 99 108 17 17 128 0 

0 55 43 20 76 57 11 59 
55 0 98 75 131 112 44 114 
43 98 0 23 49 44 54 16 
20 75 23 0 56 37 31 39 
76 131 49 56 0 19 87 45 
57 112 44 37 19 0 68 40 
11 44 54 31 87 68 0 70 
59 114 16 39 45 40 70 0 

0 24 32 17 96 50 67 86 
24 0 8 25 72 26 75 62 
32 8 0 25 64 18 75 54 
17 25 25 0 81 35 50 71 
96 72 64 81 0 46 81 10 
50 26 18 35 46 0 73 36 
67 75 75 50 81 73 0 71 
86 62 54 71 10 36 71 0 

0 118 95 25 71 93 74 45 
118 0 49 93 71 49 44 81 
95 49 0 70 120 98 29 58 
25 93 70 0 90 68 49 26 
71 71 120 90 0 32 91 116 
93 49 98 68 32 0 69 94 
74 44 29 49 91 69 0 37 
45 81 58 26 116 94 37 0 

0 102 51 61 97 113 91 40 
102 0 87 49 27 53 59 100 
51 87 0 106 84 98 76 13 
61 49 106 0 36 102 108 95 
97 27 84 36 0 80 86 95 
113 53 98 102 80 0 22 111 
91 59 76 108 86 22 0 89 
40 100 13 95 95 111 89 0 

0 144 129 123 36 88 36 51 
144 0 73 63 108 56 108 93 
129 73 0 10 93 109 93 78 
123 63 10 0 87 99 87 72 
36 108 93 87 0 64 46 65 
88 56 109 99 64 0 110 129 
36 108 93 87 46 110 0 19 
51 93 78 72 65 129 19 0 

0 36 118 73 85 42 108 39 
36 0 86 109 53 10 76 37 
118 86 0 57 35 76 28 79 
73 109 57 0 82 113 75 72 
85 53 35 82 0 43 23 46 
42 10 76 113 43 0 66 41 
108 76 28 75 23 66 0 69 
39 37 79 72 46 41 69 0 

0 45 53 64 63 30 122 63 
45 0 16 39 50 19 77 26 
53 16 0 55 34 27 69 10 
64 39 55 0 89 34 74 65 
63 50 34 89 0 55 59 24 
30 19 27 34 55 0 96 37 
122 77 69 74 59 96 0 59 
63 26 10 65 24 37 59 0 

0 18 88 28 28 114 98 73 
18 0 76 16 16 102 86 61 
88 76 0 60 60 72 18 15 
28 16 60 0 6 86 70 45 
28 16 60 6 0 86 70 45 
114 102 72 86 86 0 90 65 
98 86 18 70 70 90 0 25 
73 61 15 45 45 65 25 0 

0 148 48 155 110 81 108 79 
148 0 100 17 50 79 56 69 
48 100 0 107 66 95 60 31 
155 17 107 0 45 74 73 76 
110 50 66 45 0 29 106 43 
81 79 95 74 29 0 135 72 
108 56 60 73 106 135 0 63 
79 69 31 76 43 72 63 0 

0 85 18 76 49 20 56 56 
85 0 103 9 82 95 91 121 
18 103 0 94 57 12 74 48 
76 9 94 0 73 86 84 114 
49 82 57 73 0 69 75 105 
20 95 12 86 69 0 66 36 
56 91 74 84 75 66 0 48 
56 121 48 114 105 36 48 0 

0 68 44 41 75 64 38 12 
68 0 24 29 51 88 42 80 
44 24 0 49 31 108 18 56 
41 29 49 0 80 59 43 53 
75 51 31 80 0 139 37 77 
64 88 108 59 139 0 102 62 
38 42 18 43 37 102 0 40 
12 80 56 53 77 62 40 0 

0 37 84 103 80 35 86 14 
37 0 53 72 43 6 55 51 
84 53 0 43 26 51 26 96 
103 72 43 0 45 68 17 95 
80 43 26 45 0 49 28 94 
35 6 51 68 49 0 51 45 
86 55 26 17 28 51 0 78 
14 51 96 95 94 45 78 0 

0 61 36 139 14 85 50 38 
61 0 97 78 49 24 47 59 
36 97 0 175 48 121 82 38 
139 78 175 0 127 54 93 137 
14 49 48 127 0 73 36 52 
85 24 121 54 73 0 59 83 
50 47 82 93 36 59 0 88 
38 59 38 137 52 83 88 0 

0 71 156 70 123 138 101 94 
71 0 85 37 52 67 88 23 
156 85 0 86 33 18 95 62 
70 37 86 0 53 68 125 48 
123 52 33 53 0 39 118 41 
138 67 18 68 39 0 79 44 
101 88 95 125 118 79 0 77 
94 23 62 48 41 44 77 0 

0 25 32 26 35 58 39 41 
25 0 13 35 60 49 44 50 
32 13 0 48 67 62 57 63 
26 35 48 0 31 62 43 19 
35 60 67 31 0 93 74 16 
58 49 62 62 93 0 19 81 
39 44 57 43 74 19 0 62 
41 50 63 19 16 81 62 0 

0 37 29 57 49 32 16 54 
37 0 64 54 52 19 33 17 
29 64 0 42 78 59 31 81 
57 54 42 0 106 73 41 61 
49 52 78 106 0 33 65 45 
32 19 59 73 33 0 32 22 
16 33 31 41 65 32 0 50 
54 17 81 61 45 22 50 0 

0 51 32 73 30 20 69 90 
51 0 57 26 63 51 18 87 
32 57 0 79 62 52 75 58 
73 26 79 0 85 73 44 113 
30 63 62 85 0 12 81 120 
20 51 52 73 12 0 69 110 
69 18 75 44 81 69 0 69 
90 87 58 113 120 110 69 0 

0 110 115 48 164 65 38 34 
110 0 23 62 54 71 72 76 
115 23 0 67 49 50 77 81 
48 62 67 0 116 53 10 22 
164 54 49 116 0 99 126 130 
65 71 50 53 99 0 55 31 
38 72 77 10 126 55 0 24 
34 76 81 22 130 31 24 0 

0 38 146 66 37 151 31 39 
38 0 108 30 13 113 29 75 
146 108 0 92 109 27 137 125 
66 30 92 0 43 97 45 105 
37 13 109 43 0 114 28 62 
151 113 27 97 114 0 142 130 
31 29 137 45 28 142 0 70 
39 75 125 105 62 130 70 0 

0 88 77 74 143 100 61 78 
88 0 97 84 89 134 89 96 
77 97 0 13 66 37 16 1 
74 84 13 0 69 50 13 12 
143 89 66 69 0 45 82 65 
100 134 37 50 45 0 45 38 
61 89 16 13 82 45 0 17 
78 96 1 12 65 38 17 0 

0 80 17 8 109 60 45 42 
80 0 63 74 41 40 35 38 
17 63 0 11 92 43 28 25 
8 74 11 0 103 54 39 36 
109 41 92 103 0 81 64 67 
60 40 43 54 81 0 29 50 
45 35 28 39 64 29 0 21 
42 38 25 36 67 50 21 0 

0 58 105 75 76 84 49 118 
58 0 51 85 50 42 85 60 
105 51 0 34 29 89 56 27 
75 85 34 0 35 115 26 61 
76 50 29 35 0 80 35 42 
84 42 89 115 80 0 115 102 
49 85 56 26 35 115 0 69 
118 60 27 61 42 102 69 0 

0 29 84 41 29 30 55 73 
29 0 55 24 42 33 26 102 
84 55 0 55 97 54 29 157 
41 24 55 0 62 57 42 114 
29 42 97 62 0 43 68 60 
30 33 54 57 43 0 25 103 
55 26 29 42 68 25 0 128 
73 102 157 114 60 103 128 0 

0 28 105 68 29 67 77 53 
28 0 119 40 43 39 85 29 
105 119 0 131 76 132 36 148 
68 40 131 0 55 1 97 17 
29 43 76 55 0 56 48 72 
67 39 132 1 56 0 98 16 
77 85 36 97 48 98 0 114 
53 29 148 17 72 16 114 0 

0 102 91 94 88 62 105 48 
102 0 77 60 50 92 73 54 
91 77 0 63 107 149 14 61 
94 60 63 0 110 152 59 64 
88 50 107 110 0 42 121 46 
62 92 149 152 42 0 163 88 
105 73 14 59 121 163 0 75 
48 54 61 64 46 88 75 0 

0 146 75 62 12 96 65 42 
146 0 101 84 134 50 117 104 
75 101 0 123 71 83 16 101 
62 84 123 0 52 40 113 22 
12 134 71 52 0 84 61 30 
96 50 83 40 84 0 73 54 
65 117 16 113 61 73 0 91 
42 104 101 22 30 54 91 0 

0 60 31 131 69 84 129 23 
60 0 91 123 129 76 121 81 
31 91 0 124 38 77 122 16 
131 123 124 0 100 47 2 108 
69 129 38 100 0 107 98 48 
84 76 77 47 107 0 45 61 
129 121 122 2 98 45 0 106 
23 81 16 108 48 61 106 0 

0 44 8 82 98 61 86 5 
44 0 42 38 136 99 42 39 
8 42 0 74 94 57 78 9 
82 38 74 0 130 93 4 77 
98 136 94 130 0 45 130 103 
61 99 57 93 45 0 93 66 
86 42 78 4 130 93 0 81 
5 39 9 77 103 66 81 0 

0 18 17 57 33 21 54 100 
18 0 33 41 51 39 72 118 
17 33 0 74 36 24 57 103 
57 41 74 0 70 54 35 79 
33 51 36 70 0 16 35 67 
21 39 24 54 16 0 33 79 
54 72 57 35 35 33 0 46 
100 118 103 79 67 79 46 0 

0 92 44 134 66 26 71 96 
92 0 98 58 104 110 89 26 
44 98 0 140 86 18 77 102 
134 58 140 0 68 152 63 84 
66 104 86 68 0 84 15 130 
26 110 18 152 84 0 89 114 
71 89 77 63 15 89 0 115 
96 26 102 84 130 114 115 0 

0 67 127 35 51 24 60 83 
67 0 66 102 32 91 119 60 
127 66 0 98 98 103 87 44 
35 102 98 0 86 11 31 54 
51 32 98 86 0 75 103 54 
24 91 103 11 75 0 36 59 
60 119 87 31 103 36 0 59 
83 60 44 54 54 59 59 0 

0 20 57 69 1 110 96 106 
20 0 45 75 19 130 116 96 
57 45 0 102 58 157 143 123 
69 75 102 0 70 55 41 37 
1 19 58 70 0 111 97 107 
110 130 157 55 111 0 16 56 
96 116 143 41 97 16 0 72 
106 96 123 37 107 56 72 0 

0 129 63 72 101 79 97 89 
129 0 84 57 108 100 32 40 
63 84 0 31 138 116 80 120 
72 57 31 0 107 85 49 89 
101 108 138 107 0 22 76 68 
79 100 116 85 22 0 68 60 
97 32 80 49 76 68 0 40 
89 40 120 89 68 60 40 0 

0 116 95 131 27 107 98 17 
116 0 73 85 123 111 18 99 
95 73 0 36 68 38 55 78 
131 85 36 0 104 26 69 114 
27 123 68 104 0 80 105 24 
107 111 38 26 80 0 93 90 
98 18 55 69 105 93 0 81 
17 99 78 114 24 90 81 0 

0 54 124 107 47 86 95 90 
54 0 70 53 15 32 123 38 
124 70 0 17 77 38 95 34 
107 53 17 0 60 35 82 17 
47 15 77 60 0 39 138 53 
86 32 38 35 39 0 117 32 
95 123 95 82 138 117 0 85 
90 38 34 17 53 32 85 0 

0 55 104 52 3 68 61 102 
55 0 49 51 56 21 68 47 
104 49 0 100 105 38 85 6 
52 51 100 0 49 64 107 98 
3 56 105 49 0 69 62 103 
68 21 38 64 69 0 47 44 
61 68 85 107 62 47 0 91 
102 47 6 98 103 44 91 0 

0 14 34 8 34 22 55 74 
14 0 30 22 38 18 45 78 
34 30 0 38 68 12 75 108 
8 22 38 0 30 26 63 70 
34 38 68 30 0 56 51 56 
22 18 12 26 56 0 63 96 
55 45 75 63 51 63 0 33 
74 78 108 70 56 96 33 0 

0 47 72 73 52 84 120 101 
47 0 79 44 17 61 73 108 
72 79 0 91 70 102 138 31 
73 44 91 0 27 17 47 64 
52 17 70 27 0 44 68 91 
84 61 102 17 44 0 36 71 
120 73 138 47 68 36 0 107 
101 108 31 64 91 71 107 0 

0 130 100 132 115 130 79 82 
130 0 30 8 63 34 95 48 
100 30 0 32 83 54 115 18 
132 8 32 0 71 42 103 50 
115 63 83 71 0 29 36 71 
130 34 54 42 29 0 61 48 
79 95 115 103 36 61 0 103 
82 48 18 50 71 48 103 0 

0 62 20 57 8 37 58 79 
62 0 70 83 70 77 24 37 
20 70 0 37 28 17 70 59 
57 83 37 0 65 20 83 46 
8 70 28 65 0 45 62 87 
37 77 17 20 45 0 77 42 
58 24 70 83 62 77 0 41 
79 37 59 46 87 42 41 0 

0 20 118 83 110 14 63 92 
20 0 98 101 90 32 43 72 
118 98 0 59 34 126 55 34 
83 101 59 0 41 77 114 93 
110 90 34 41 0 118 89 68 
14 32 126 77 118 0 71 100 
63 43 55 114 89 71 0 29 
92 72 34 93 68 100 29 0 

