0 78 53 75 91 49 20 17 104 79 17 23 16 45 30 43 40 82 88 33 
78 0 25 45 55 35 58 95 26 25 95 89 82 73 56 79 76 12 52 45 
53 25 0 22 78 36 33 70 51 26 70 64 57 48 31 56 53 29 75 20 
75 45 22 0 100 58 55 92 29 20 92 86 79 70 53 68 59 33 97 42 
91 55 78 100 0 42 93 94 77 80 82 114 75 46 61 134 131 67 19 66 
49 35 36 58 42 0 51 60 61 38 60 72 47 38 21 92 89 39 39 24 
20 58 33 55 93 51 0 37 84 59 37 31 24 47 32 41 38 62 90 27 
17 95 70 92 94 60 37 0 121 96 12 20 19 48 39 40 37 99 91 50 
104 26 51 29 77 61 84 121 0 25 121 115 108 99 82 97 88 22 74 71 
79 25 26 20 80 38 59 96 25 0 96 90 83 74 57 72 63 13 77 46 
17 95 70 92 82 60 37 12 121 96 0 32 13 36 39 52 49 99 83 50 
23 89 64 86 114 72 31 20 115 90 32 0 39 68 53 20 27 93 111 48 
16 82 57 79 75 47 24 19 108 83 13 39 0 29 26 59 56 86 72 37 
45 73 48 70 46 38 47 48 99 74 36 68 29 0 17 88 85 77 61 28 
30 56 31 53 61 21 32 39 82 57 39 53 26 17 0 73 70 60 58 11 
43 79 56 68 134 92 41 40 97 72 52 20 59 88 73 0 9 75 131 68 
40 76 53 59 131 89 38 37 88 63 49 27 56 85 70 9 0 66 128 65 
82 12 29 33 67 39 62 99 22 13 99 93 86 77 60 75 66 0 64 49 
88 52 75 97 19 39 90 91 74 77 83 111 72 61 58 131 128 64 0 63 
33 45 20 42 66 24 27 50 71 46 50 48 37 28 11 68 65 49 63 0 

0 58 43 70 98 97 96 84 73 105 47 122 97 80 74 52 124 52 21 101 
58 0 39 78 94 93 92 26 15 73 11 118 93 76 70 6 120 26 79 97 
43 39 0 55 55 54 53 49 38 70 42 79 54 37 31 39 81 65 56 58 
70 78 55 0 64 75 102 104 93 125 69 52 27 36 44 72 54 92 49 87 
98 94 55 64 0 11 38 90 89 61 97 30 57 28 24 94 28 120 77 23 
97 93 54 75 11 0 27 89 88 50 96 41 68 39 31 93 39 119 76 12 
96 92 53 102 38 27 0 88 87 23 95 68 95 66 58 92 66 118 103 15 
84 26 49 104 90 89 88 0 11 69 37 114 97 72 66 32 116 32 105 93 
73 15 38 93 89 88 87 11 0 68 26 113 88 71 65 21 115 31 94 92 
105 73 70 125 61 50 23 69 68 0 76 91 118 89 81 73 89 99 126 38 
47 11 42 69 97 96 95 37 26 76 0 121 96 79 73 5 123 23 68 100 
122 118 79 52 30 41 68 114 113 91 121 0 27 42 48 118 2 144 101 53 
97 93 54 27 57 68 95 97 88 118 96 27 0 29 37 93 29 119 76 80 
80 76 37 36 28 39 66 72 71 89 79 42 29 0 8 76 44 102 59 51 
74 70 31 44 24 31 58 66 65 81 73 48 37 8 0 70 50 96 53 43 
52 6 39 72 94 93 92 32 21 73 5 118 93 76 70 0 120 26 73 97 
124 120 81 54 28 39 66 116 115 89 123 2 29 44 50 120 0 146 103 51 
52 26 65 92 120 119 118 32 31 99 23 144 119 102 96 26 146 0 73 123 
21 79 56 49 77 76 103 105 94 126 68 101 76 59 53 73 103 73 0 88 
101 97 58 87 23 12 15 93 92 38 100 53 80 51 43 97 51 123 88 0 

0 43 74 90 47 42 42 43 25 64 59 23 111 48 50 84 29 69 29 71 
43 0 59 59 30 85 67 54 20 89 102 52 68 73 39 109 72 70 54 96 
74 59 0 16 81 116 74 31 49 56 133 83 37 98 24 84 103 11 71 85 
90 59 16 0 81 132 90 47 65 72 149 99 21 114 40 100 119 21 87 101 
47 30 81 81 0 55 89 76 42 111 92 24 98 95 61 131 62 92 76 118 
42 85 116 132 55 0 42 85 67 60 37 33 153 40 92 76 13 111 45 63 
42 67 74 90 89 42 0 43 47 22 59 65 111 24 50 42 29 69 13 29 
43 54 31 47 76 85 43 0 34 35 102 52 68 67 15 55 72 26 40 54 
25 20 49 65 42 67 47 34 0 69 84 34 86 53 25 89 54 50 34 76 
64 89 56 72 111 60 22 35 69 0 77 87 93 42 50 28 49 51 35 29 
59 102 133 149 92 37 59 102 84 77 0 68 170 35 109 49 30 128 62 48 
23 52 83 99 24 33 65 52 34 87 68 0 120 71 59 107 38 78 52 94 
111 68 37 21 98 153 111 68 86 93 170 120 0 135 61 121 140 42 108 122 
48 73 98 114 95 40 24 67 53 42 35 71 135 0 74 36 33 93 27 23 
50 39 24 40 61 92 50 15 25 50 109 59 61 74 0 70 79 31 47 61 
84 109 84 100 131 76 42 55 89 28 49 107 121 36 70 0 69 79 55 13 
29 72 103 119 62 13 29 72 54 49 30 38 140 33 79 69 0 98 32 56 
69 70 11 21 92 111 69 26 50 51 128 78 42 93 31 79 98 0 66 80 
29 54 71 87 76 45 13 40 34 35 62 52 108 27 47 55 32 66 0 42 
71 96 85 101 118 63 29 54 76 29 48 94 122 23 61 13 56 80 42 0 

0 32 91 32 58 102 70 75 94 87 73 57 61 58 62 5 29 95 34 6 
32 0 123 64 48 84 102 107 76 69 105 39 43 40 88 37 59 127 66 38 
91 123 0 59 75 55 87 16 59 62 18 84 94 89 35 86 64 12 57 85 
32 64 59 0 38 82 52 43 74 67 51 37 41 38 42 27 9 63 18 26 
58 48 75 38 0 44 90 59 36 29 57 9 19 14 40 63 29 79 56 58 
102 84 55 82 44 0 134 49 8 15 37 45 41 44 40 107 73 59 100 102 
70 102 87 52 90 134 0 85 126 119 103 89 93 90 94 65 61 99 36 64 
75 107 16 43 59 49 85 0 43 46 18 68 78 73 19 70 48 20 51 69 
94 76 59 74 36 8 126 43 0 7 41 37 35 36 32 99 65 63 92 94 
87 69 62 67 29 15 119 46 7 0 44 30 32 29 27 92 58 66 85 87 
73 105 18 51 57 37 103 18 41 44 0 66 76 71 17 76 46 22 69 71 
57 39 84 37 9 45 89 68 37 30 66 0 10 5 49 62 28 88 55 57 
61 43 94 41 19 41 93 78 35 32 76 10 0 5 59 66 32 98 59 61 
58 40 89 38 14 44 90 73 36 29 71 5 5 0 54 63 29 93 56 58 
62 88 35 42 40 40 94 19 32 27 17 49 59 54 0 67 33 39 60 62 
5 37 86 27 63 107 65 70 99 92 76 62 66 63 67 0 34 90 29 5 
29 59 64 9 29 73 61 48 65 58 46 28 32 29 33 34 0 68 27 29 
95 127 12 63 79 59 99 20 63 66 22 88 98 93 39 90 68 0 65 89 
34 66 57 18 56 100 36 51 92 85 69 55 59 56 60 29 27 65 0 28 
6 38 85 26 58 102 64 69 94 87 71 57 61 58 62 5 29 89 28 0 

