0 79 58 36 115 15 113 23 39 101 41 63 40 42 12 63 100 89 92 81 
79 0 71 115 62 78 126 56 118 62 106 34 39 73 79 88 113 82 13 30 
58 71 0 62 89 73 55 79 65 75 53 105 62 20 46 35 42 63 66 101 
36 115 62 0 151 37 101 59 3 137 29 99 76 42 36 51 88 125 128 117 
115 62 89 151 0 114 64 92 154 14 142 96 75 109 115 124 75 26 49 92 
15 78 73 37 114 0 128 22 40 100 56 62 39 57 27 78 115 88 91 80 
113 126 55 101 64 128 0 134 98 64 84 160 117 71 101 66 17 44 113 156 
23 56 79 59 92 22 134 0 62 78 62 40 17 63 33 84 121 90 69 58 
39 118 65 3 154 40 98 62 0 140 26 102 79 45 39 48 85 128 131 120 
101 62 75 137 14 100 64 78 140 0 128 96 61 95 101 110 61 20 49 92 
41 106 53 29 142 56 84 62 26 128 0 90 67 33 29 22 67 116 119 108 
63 34 105 99 96 62 160 40 102 96 90 0 43 89 63 110 147 116 47 18 
40 39 62 76 75 39 117 17 79 61 67 43 0 46 40 67 104 73 52 41 
42 73 20 42 109 57 71 63 45 95 33 89 46 0 30 21 58 83 86 85 
12 79 46 36 115 27 101 33 39 101 29 63 40 30 0 51 88 89 92 81 
63 88 35 51 124 78 66 84 48 110 22 110 67 21 51 0 49 98 101 106 
100 113 42 88 75 115 17 121 85 61 67 147 104 58 88 49 0 49 100 143 
89 82 63 125 26 88 44 90 128 20 116 116 73 83 89 98 49 0 69 112 
92 13 66 128 49 91 113 69 131 49 119 47 52 86 92 101 100 69 0 43 
81 30 101 117 92 80 156 58 120 92 108 18 41 85 81 106 143 112 43 0 

0 92 104 20 109 68 50 18 25 68 88 85 64 118 33 110 35 56 44 56 
92 0 94 94 31 24 142 74 67 24 62 71 34 108 81 100 119 36 48 36 
104 94 0 84 73 88 86 108 129 76 52 49 60 14 137 6 69 110 104 60 
20 94 84 0 111 70 48 24 45 70 90 87 66 98 53 90 25 58 46 58 
109 31 73 111 0 41 159 91 84 41 31 40 45 77 98 71 136 53 65 53 
68 24 88 70 41 0 118 50 43 12 56 65 28 102 57 94 95 22 24 28 
50 142 86 48 159 118 0 68 75 118 138 135 114 100 77 88 23 106 94 106 
18 74 108 24 91 50 68 0 21 50 76 85 48 122 29 114 45 38 26 48 
25 67 129 45 84 43 75 21 0 53 97 106 69 143 14 135 60 31 25 69 
68 24 76 70 41 12 118 50 53 0 44 53 16 90 61 82 95 34 28 16 
88 62 52 90 31 56 138 76 97 44 0 9 28 46 105 50 115 78 72 32 
85 71 49 87 40 65 135 85 106 53 9 0 37 37 114 47 112 87 81 37 
64 34 60 66 45 28 114 48 69 16 28 37 0 74 77 66 91 50 44 8 
118 108 14 98 77 102 100 122 143 90 46 37 74 0 151 12 83 124 118 74 
33 81 137 53 98 57 77 29 14 61 105 114 77 151 0 143 68 45 33 77 
110 100 6 90 71 94 88 114 135 82 50 47 66 12 143 0 75 116 110 66 
35 119 69 25 136 95 23 45 60 95 115 112 91 83 68 75 0 83 71 83 
56 36 110 58 53 22 106 38 31 34 78 87 50 124 45 116 83 0 12 50 
44 48 104 46 65 24 94 26 25 28 72 81 44 118 33 110 71 12 0 44 
56 36 60 58 53 28 106 48 69 16 32 37 8 74 77 66 83 50 44 0 

0 19 40 73 76 86 17 62 67 62 108 69 52 33 49 61 79 49 56 69 
19 0 51 84 95 105 36 81 86 73 127 88 63 44 62 42 98 68 37 88 
40 51 0 33 56 66 25 64 73 22 88 49 16 7 23 81 59 35 76 65 
73 84 33 0 85 87 58 97 106 11 83 72 21 40 24 86 54 68 83 98 
76 95 56 85 0 10 59 14 21 74 32 13 72 59 61 137 55 27 132 13 
86 105 66 87 10 0 69 24 19 76 22 17 82 69 63 147 57 37 142 17 
17 36 25 58 59 69 0 45 50 47 91 52 37 18 34 78 62 32 73 52 
62 81 64 97 14 24 45 0 9 86 46 25 76 57 73 123 67 29 118 7 
67 86 73 106 21 19 50 9 0 95 41 34 85 66 82 128 76 38 123 8 
62 73 22 11 74 76 47 86 95 0 92 61 12 29 27 77 63 57 72 87 
108 127 88 83 32 22 91 46 41 92 0 39 104 91 65 169 37 59 164 39 
69 88 49 72 13 17 52 25 34 61 39 0 65 52 48 130 42 20 125 26 
52 63 16 21 72 82 37 76 85 12 104 65 0 19 39 65 75 47 62 77 
33 44 7 40 59 69 18 57 66 29 91 52 19 0 26 78 62 32 73 58 
49 62 23 24 61 63 34 73 82 27 65 48 39 26 0 104 36 44 99 74 
61 42 81 86 137 147 78 123 128 77 169 130 65 78 104 0 140 110 25 130 
79 98 59 54 55 57 62 67 76 63 37 42 75 62 36 140 0 38 135 68 
49 68 35 68 27 37 32 29 38 57 59 20 47 32 44 110 38 0 105 30 
56 37 76 83 132 142 73 118 123 72 164 125 62 73 99 25 135 105 0 125 
69 88 65 98 13 17 52 7 8 87 39 26 77 58 74 130 68 30 125 0 

0 64 70 87 110 83 111 24 72 28 67 101 36 71 21 42 104 92 76 122 
64 0 134 25 74 21 49 54 76 40 15 63 98 23 63 94 42 30 12 68 
70 134 0 155 60 115 117 94 58 98 119 71 36 141 91 40 130 140 146 66 
87 25 155 0 95 40 38 79 97 65 36 84 119 48 88 115 25 15 35 89 
110 74 60 95 0 55 57 102 38 88 59 11 74 81 111 68 70 80 86 12 
83 21 115 40 55 0 28 75 57 61 16 44 79 44 84 75 21 25 31 49 
111 49 117 38 57 28 0 103 59 89 44 46 81 72 112 77 13 23 59 51 
24 54 94 79 102 75 103 0 64 14 59 93 58 47 9 54 96 84 52 114 
72 76 58 97 38 57 59 64 0 50 61 29 36 83 73 30 72 82 88 50 
28 40 98 65 88 61 89 14 50 0 45 79 62 43 23 58 82 70 48 100 
67 15 119 36 59 16 44 59 61 45 0 48 83 28 68 79 37 25 27 55 
101 63 71 84 11 44 46 93 29 79 48 0 65 70 102 59 59 69 75 21 
36 98 36 119 74 79 81 58 36 62 83 65 0 105 55 6 94 104 110 86 
71 23 141 48 81 44 72 47 83 43 28 70 105 0 50 101 65 53 13 83 
21 63 91 88 111 84 112 9 73 23 68 102 55 50 0 51 105 93 55 123 
42 94 40 115 68 75 77 54 30 58 79 59 6 101 51 0 90 100 106 80 
104 42 130 25 70 21 13 96 72 82 37 59 94 65 105 90 0 12 52 64 
92 30 140 15 80 25 23 84 82 70 25 69 104 53 93 100 12 0 40 74 
76 12 146 35 86 31 59 52 88 48 27 75 110 13 55 106 52 40 0 80 
122 68 66 89 12 49 51 114 50 100 55 21 86 83 123 80 64 74 80 0 

0 110 65 25 88 38 64 24 47 53 31 28 78 34 67 39 87 29 52 51 
110 0 175 89 50 148 48 124 69 163 79 82 98 76 43 149 23 89 58 59 
65 175 0 86 153 27 127 51 106 20 96 93 97 99 132 26 152 86 117 116 
25 89 86 0 67 59 89 35 72 74 48 53 53 13 84 60 66 54 33 30 
88 50 153 67 0 126 94 102 77 141 57 60 56 54 89 127 61 67 38 37 
38 148 27 59 126 0 100 38 79 25 69 66 92 72 105 21 125 59 90 89 
64 48 127 89 94 100 0 88 21 115 41 36 142 82 5 101 33 41 56 93 
24 124 51 35 102 38 88 0 71 39 47 52 54 48 83 25 101 53 66 65 
47 69 106 72 77 79 21 71 0 94 24 19 125 65 26 80 46 20 39 76 
53 163 20 74 141 25 115 39 94 0 84 81 85 87 120 14 140 74 105 104 
31 79 96 48 57 69 41 47 24 84 0 5 101 41 36 70 56 10 21 52 
28 82 93 53 60 66 36 52 19 81 5 0 106 46 39 67 59 7 24 57 
78 98 97 53 56 92 142 54 125 85 101 106 0 60 137 71 109 107 86 49 
34 76 99 13 54 72 82 48 65 87 41 46 60 0 77 73 53 47 26 17 
67 43 132 84 89 105 5 83 26 120 36 39 137 77 0 106 28 46 51 88 
39 149 26 60 127 21 101 25 80 14 70 67 71 73 106 0 126 60 91 90 
87 23 152 66 61 125 33 101 46 140 56 59 109 53 28 126 0 66 35 60 
29 89 86 54 67 59 41 53 20 74 10 7 107 47 46 60 66 0 31 58 
52 58 117 33 38 90 56 66 39 105 21 24 86 26 51 91 35 31 0 37 
51 59 116 30 37 89 93 65 76 104 52 57 49 17 88 90 60 58 37 0 

