0 28 79 114 50 100 42 45 66 32 
28 0 105 140 76 126 70 71 38 58 
79 105 0 35 55 59 61 34 77 47 
114 140 35 0 76 38 82 69 112 82 
50 76 55 76 0 114 18 79 102 18 
100 126 59 38 114 0 120 55 98 100 
42 70 61 82 18 120 0 85 108 20 
45 71 34 69 79 55 85 0 43 65 
66 38 77 112 102 98 108 43 0 88 
32 58 47 82 18 100 20 65 88 0 

0 52 108 104 14 46 53 16 59 122 
52 0 56 72 66 74 71 36 59 70 
108 56 0 90 122 62 127 92 49 40 
104 72 90 0 92 146 55 108 131 86 
14 66 122 92 0 60 41 30 73 136 
46 74 62 146 60 0 95 38 15 96 
53 71 127 55 41 95 0 57 80 141 
16 36 92 108 30 38 57 0 43 106 
59 59 49 131 73 15 80 43 0 81 
122 70 40 86 136 96 141 106 81 0 

0 80 21 79 35 71 26 23 47 54 
80 0 81 75 115 109 76 75 33 26 
21 81 0 100 34 92 47 44 48 55 
79 75 100 0 80 50 53 56 64 79 
35 115 34 80 0 72 39 40 82 89 
71 109 92 50 72 0 45 48 76 83 
26 76 47 53 39 45 0 3 43 50 
23 75 44 56 40 48 3 0 42 49 
47 33 48 64 82 76 43 42 0 15 
54 26 55 79 89 83 50 49 15 0 

0 149 71 55 141 84 77 117 48 58 
149 0 78 94 34 65 114 82 101 91 
71 78 0 54 70 69 54 46 49 79 
55 94 54 0 86 29 108 76 7 25 
141 34 70 86 0 57 80 48 93 83 
84 65 69 29 57 0 123 91 36 26 
77 114 54 108 80 123 0 48 103 133 
117 82 46 76 48 91 48 0 71 101 
48 101 49 7 93 36 103 71 0 30 
58 91 79 25 83 26 133 101 30 0 

0 96 74 75 91 20 62 111 62 45 
96 0 74 21 117 92 34 59 34 51 
74 74 0 59 43 70 40 37 58 71 
75 21 59 0 102 71 19 44 13 30 
91 117 43 102 0 87 83 58 101 114 
20 92 70 71 87 0 58 107 58 65 
62 34 40 19 83 58 0 49 18 31 
111 59 37 44 58 107 49 0 49 66 
62 34 58 13 101 58 18 49 0 17 
45 51 71 30 114 65 31 66 17 0 

0 76 104 52 77 23 83 29 74 95 
76 0 72 24 9 61 37 47 106 105 
104 72 0 52 81 81 109 75 34 33 
52 24 52 0 33 37 61 23 82 81 
77 9 81 33 0 70 28 52 115 114 
23 61 81 37 70 0 98 18 51 72 
83 37 109 61 28 98 0 80 143 142 
29 47 75 23 52 18 80 0 63 66 
74 106 34 82 115 51 143 63 0 21 
95 105 33 81 114 72 142 66 21 0 

0 44 73 53 46 78 52 17 61 35 
44 0 29 49 66 80 50 61 47 9 
73 29 0 36 95 67 65 90 60 38 
53 49 36 0 75 31 99 70 96 50 
46 66 95 75 0 82 98 41 95 57 
78 80 67 31 82 0 130 77 127 81 
52 50 65 99 98 130 0 57 53 49 
17 61 90 70 41 77 57 0 78 52 
61 47 60 96 95 127 53 78 0 46 
35 9 38 50 57 81 49 52 46 0 

0 29 28 82 9 51 50 94 62 93 
29 0 57 69 20 38 37 81 33 64 
28 57 0 56 37 65 24 68 90 121 
82 69 56 0 87 71 32 62 96 127 
9 20 37 87 0 56 55 99 53 84 
51 38 65 71 56 0 43 43 61 56 
50 37 24 32 55 43 0 44 68 99 
94 81 68 62 99 43 44 0 104 69 
62 33 90 96 53 61 68 104 0 35 
93 64 121 127 84 56 99 69 35 0 

0 112 165 87 155 35 62 97 99 105 
112 0 53 51 43 77 50 53 91 11 
165 53 0 78 22 130 103 78 66 60 
87 51 78 0 68 52 39 104 40 62 
155 43 22 68 0 120 93 58 88 50 
35 77 130 52 120 0 27 62 84 70 
62 50 103 39 93 27 0 65 79 43 
97 53 78 104 58 62 65 0 144 42 
99 91 66 40 88 84 79 144 0 102 
105 11 60 62 50 70 43 42 102 0 

0 98 65 76 14 42 35 39 86 107 
98 0 91 28 112 140 133 137 16 9 
65 91 0 119 73 53 50 70 77 98 
76 28 119 0 90 118 111 115 44 37 
14 112 73 90 0 28 23 25 100 121 
42 140 53 118 28 0 7 17 128 149 
35 133 50 111 23 7 0 20 121 142 
39 137 70 115 25 17 20 0 125 146 
86 16 77 44 100 128 121 125 0 21 
107 9 98 37 121 149 142 146 21 0 

0 73 68 83 115 39 85 92 90 74 
73 0 97 88 46 36 36 97 73 79 
68 97 0 77 139 107 109 70 114 60 
83 88 77 0 62 122 52 9 37 17 
115 46 139 62 0 80 30 69 27 79 
39 36 107 122 80 0 70 131 107 113 
85 36 109 52 30 70 0 61 37 49 
92 97 70 9 69 131 61 0 44 18 
90 73 114 37 27 107 37 44 0 54 
74 79 60 17 79 113 49 18 54 0 

0 120 117 84 64 122 76 98 73 28 
120 0 83 152 102 116 48 124 111 92 
117 83 0 69 53 33 41 41 44 127 
84 152 69 0 50 38 104 28 41 94 
64 102 53 50 0 58 54 34 9 74 
122 116 33 38 58 0 68 24 49 132 
76 48 41 104 54 68 0 76 63 86 
98 124 41 28 34 24 76 0 25 108 
73 111 44 41 9 49 63 25 0 83 
28 92 127 94 74 132 86 108 83 0 

0 72 62 72 53 32 57 115 97 25 
72 0 90 100 69 60 15 43 31 97 
62 90 0 30 21 38 103 59 59 83 
72 100 30 0 31 40 113 87 69 55 
53 69 21 31 0 33 82 62 44 78 
32 60 38 40 33 0 73 95 77 45 
57 15 103 113 82 73 0 58 44 82 
115 43 59 87 62 95 58 0 18 140 
97 31 59 69 44 77 44 18 0 122 
25 97 83 55 78 45 82 140 122 0 

0 35 24 68 35 48 52 46 14 12 
35 0 23 67 58 15 87 19 27 43 
24 23 0 44 35 36 64 34 20 36 
68 67 44 0 33 80 38 78 64 80 
35 58 35 33 0 71 29 69 37 47 
48 15 36 80 71 0 100 34 42 58 
52 87 64 38 29 100 0 98 66 50 
46 19 34 78 69 34 98 0 32 48 
14 27 20 64 37 42 66 32 0 16 
12 43 36 80 47 58 50 48 16 0 

0 124 116 103 87 96 99 82 72 92 
124 0 50 43 73 68 33 42 52 64 
116 50 0 93 55 20 17 34 78 24 
103 43 93 0 116 111 76 59 31 107 
87 73 55 116 0 35 40 57 101 31 
96 68 20 111 35 0 35 52 96 4 
99 33 17 76 40 35 0 17 61 31 
82 42 34 59 57 52 17 0 44 48 
72 52 78 31 101 96 61 44 0 92 
92 64 24 107 31 4 31 48 92 0 

0 72 77 77 45 35 68 10 15 37 
72 0 149 113 59 107 112 66 57 109 
77 149 0 72 90 42 63 83 92 40 
77 113 72 0 122 78 9 67 66 80 
45 59 90 122 0 48 113 55 56 50 
35 107 42 78 48 0 69 41 50 2 
68 112 63 9 113 69 0 58 57 71 
10 66 83 67 55 41 58 0 9 43 
15 57 92 66 56 50 57 9 0 52 
37 109 40 80 50 2 71 43 52 0 

0 103 74 74 157 99 141 30 30 56 
103 0 59 59 54 50 66 73 85 59 
74 59 0 56 83 25 67 44 44 18 
74 59 56 0 113 55 97 62 82 56 
157 54 83 113 0 58 18 127 127 101 
99 50 25 55 58 0 42 69 69 43 
141 66 67 97 18 42 0 111 111 85 
30 73 44 62 127 69 111 0 20 26 
30 85 44 82 127 69 111 20 0 26 
56 59 18 56 101 43 85 26 26 0 

0 106 44 89 24 27 100 58 119 92 
106 0 88 19 86 103 14 62 13 66 
44 88 0 69 56 59 74 26 87 124 
89 19 69 0 69 86 11 43 30 55 
24 86 56 69 0 17 80 38 99 68 
27 103 59 86 17 0 97 55 116 65 
100 14 74 11 80 97 0 48 19 60 
58 62 26 43 38 55 48 0 61 98 
119 13 87 30 99 116 19 61 0 79 
92 66 124 55 68 65 60 98 79 0 

0 17 71 55 34 41 74 54 102 76 
17 0 54 72 51 58 77 57 85 79 
71 54 0 126 105 112 43 85 53 37 
55 72 126 0 21 20 83 55 157 89 
34 51 105 21 0 21 76 56 136 78 
41 58 112 20 21 0 69 35 143 75 
74 77 43 83 76 69 0 42 78 6 
54 57 85 55 56 35 42 0 116 48 
102 85 53 157 136 143 78 116 0 80 
76 79 37 89 78 75 6 48 80 0 

0 77 111 49 107 100 122 59 110 82 
77 0 76 28 68 61 59 18 69 43 
111 76 0 96 8 15 17 80 7 33 
49 28 96 0 88 81 79 16 89 63 
107 68 8 88 0 7 15 72 3 25 
100 61 15 81 7 0 22 65 10 18 
122 59 17 79 15 22 0 63 12 40 
59 18 80 16 72 65 63 0 73 47 
110 69 7 89 3 10 12 73 0 28 
82 43 33 63 25 18 40 47 28 0 

0 103 132 142 118 76 72 69 79 95 
103 0 33 53 33 27 31 34 112 62 
132 33 0 20 14 56 60 63 79 37 
142 53 20 0 24 66 70 73 63 47 
118 33 14 24 0 42 46 49 79 29 
76 27 56 66 42 0 14 7 103 53 
72 31 60 70 46 14 0 21 89 39 
69 34 63 73 49 7 21 0 110 60 
79 112 79 63 79 103 89 110 0 50 
95 62 37 47 29 53 39 60 50 0 

0 57 63 59 106 13 64 106 66 89 
57 0 100 96 55 66 7 101 93 126 
63 100 0 14 65 76 93 65 25 26 
59 96 14 0 79 72 89 79 39 30 
106 55 65 79 0 115 48 46 40 71 
13 66 76 72 115 0 73 115 75 102 
64 7 93 89 48 73 0 94 86 119 
106 101 65 79 46 115 94 0 40 51 
66 93 25 39 40 75 86 40 0 33 
89 126 26 30 71 102 119 51 33 0 

0 84 93 47 17 77 23 53 53 59 
84 0 15 73 73 51 61 137 97 89 
93 15 0 60 82 66 70 146 106 98 
47 73 60 0 30 124 62 86 100 106 
17 73 82 30 0 94 32 64 70 76 
77 51 66 124 94 0 62 96 56 48 
23 61 70 62 32 62 0 76 38 44 
53 137 146 86 64 96 76 0 40 48 
53 97 106 100 70 56 38 40 0 8 
59 89 98 106 76 48 44 48 8 0 

0 127 127 159 164 112 107 93 53 36 
127 0 24 32 37 15 70 34 74 91 
127 24 0 40 37 21 46 34 74 91 
159 32 40 0 35 47 86 66 106 123 
164 37 37 35 0 52 57 71 111 128 
112 15 21 47 52 0 67 19 59 76 
107 70 46 86 57 67 0 80 54 71 
93 34 34 66 71 19 80 0 40 57 
53 74 74 106 111 59 54 40 0 17 
36 91 91 123 128 76 71 57 17 0 

0 47 45 101 26 48 54 72 50 28 
47 0 92 54 27 13 47 65 79 75 
45 92 0 146 65 93 85 63 35 17 
101 54 146 0 81 53 61 83 133 129 
26 27 65 81 0 32 28 46 52 48 
48 13 93 53 32 0 60 78 80 76 
54 47 85 61 28 60 0 22 72 68 
72 65 63 83 46 78 22 0 50 54 
50 79 35 133 52 80 72 50 0 32 
28 75 17 129 48 76 68 54 32 0 

0 100 73 21 38 89 22 65 51 113 
100 0 109 107 86 21 122 77 49 51 
73 109 0 78 57 130 93 32 112 58 
21 107 78 0 21 96 15 72 60 120 
38 86 57 21 0 95 36 51 77 99 
89 21 130 96 95 0 111 98 38 72 
22 122 93 15 36 111 0 87 73 135 
65 77 32 72 51 98 87 0 80 48 
51 49 112 60 77 38 73 80 0 62 
113 51 58 120 99 72 135 48 62 0 

0 26 55 36 60 76 22 55 42 37 
26 0 29 16 46 90 22 69 66 51 
55 29 0 19 49 89 51 68 95 50 
36 16 19 0 30 106 32 85 76 67 
60 46 49 30 0 136 38 115 46 97 
76 90 89 106 136 0 98 21 118 39 
22 22 51 32 38 98 0 77 44 59 
55 69 68 85 115 21 77 0 97 34 
42 66 95 76 46 118 44 97 0 79 
37 51 50 67 97 39 59 34 79 0 

0 88 109 29 89 66 40 53 36 125 
88 0 67 117 127 138 54 117 56 47 
109 67 0 138 60 71 75 56 77 20 
29 117 138 0 118 95 63 82 61 154 
89 127 60 118 0 23 83 36 79 80 
66 138 71 95 23 0 94 21 90 91 
40 54 75 63 83 94 0 73 4 91 
53 117 56 82 36 21 73 0 69 72 
36 56 77 61 79 90 4 69 0 93 
125 47 20 154 80 91 91 72 93 0 

0 93 30 29 71 71 36 45 46 53 
93 0 63 64 118 164 123 108 57 58 
30 63 0 9 87 101 60 45 20 23 
29 64 9 0 96 100 61 44 17 24 
71 118 87 96 0 54 35 116 107 108 
71 164 101 100 54 0 41 62 117 124 
36 123 60 61 35 41 0 81 76 83 
45 108 45 44 116 62 81 0 61 68 
46 57 20 17 107 117 76 61 0 7 
53 58 23 24 108 124 83 68 7 0 

0 52 86 77 51 126 93 34 71 31 
52 0 50 25 15 90 79 34 91 67 
86 50 0 43 65 40 61 84 73 117 
77 25 43 0 28 77 104 47 116 80 
51 15 65 28 0 105 78 19 90 52 
126 90 40 77 105 0 39 124 55 157 
93 79 61 104 78 39 0 91 22 124 
34 34 84 47 19 124 91 0 73 33 
71 91 73 116 90 55 22 73 0 102 
31 67 117 80 52 157 124 33 102 0 

0 32 36 40 25 66 102 27 34 87 
32 0 26 8 41 82 134 43 12 119 
36 26 0 34 61 102 108 63 32 93 
40 8 34 0 43 80 142 47 10 127 
25 41 61 43 0 41 99 4 37 84 
66 82 102 80 41 0 88 39 70 73 
102 134 108 142 99 88 0 95 136 15 
27 43 63 47 4 39 95 0 41 80 
34 12 32 10 37 70 136 41 0 121 
87 119 93 127 84 73 15 80 121 0 

0 94 132 13 42 83 22 46 46 41 
94 0 38 107 60 105 72 62 76 85 
132 38 0 145 90 103 110 100 114 123 
13 107 145 0 55 96 35 45 53 48 
42 60 90 55 0 45 46 78 24 33 
83 105 103 96 45 0 91 123 65 74 
22 72 110 35 46 91 0 32 60 55 
46 62 100 45 78 123 32 0 92 87 
46 76 114 53 24 65 60 92 0 9 
41 85 123 48 33 74 55 87 9 0 

0 35 38 76 40 15 55 61 69 53 
35 0 37 111 25 38 90 26 48 52 
38 37 0 102 14 29 81 35 85 15 
76 111 102 0 116 73 21 137 145 91 
40 25 14 116 0 43 95 21 73 27 
15 38 29 73 43 0 52 64 72 38 
55 90 81 21 95 52 0 116 124 70 
61 26 35 137 21 64 116 0 70 46 
69 48 85 145 73 72 124 70 0 100 
53 52 15 91 27 38 70 46 100 0 

0 79 79 106 67 52 23 36 57 74 
79 0 64 39 16 45 70 81 124 19 
79 64 0 103 48 49 70 81 60 45 
106 39 103 0 55 54 83 70 163 58 
67 16 48 55 0 33 58 69 108 7 
52 45 49 54 33 0 29 36 109 40 
23 70 70 83 58 29 0 13 80 65 
36 81 81 70 69 36 13 0 93 76 
57 124 60 163 108 109 80 93 0 105 
74 19 45 58 7 40 65 76 105 0 

0 36 30 44 55 52 100 26 75 62 
36 0 42 32 19 86 136 62 111 92 
30 42 0 50 61 82 94 40 69 92 
44 32 50 0 27 94 144 70 119 84 
55 19 61 27 0 105 155 81 130 95 
52 86 82 94 105 0 78 42 31 10 
100 136 94 144 155 78 0 74 47 88 
26 62 40 70 81 42 74 0 49 52 
75 111 69 119 130 31 47 49 0 41 
62 92 92 84 95 10 88 52 41 0 

0 22 104 55 77 124 90 29 85 38 
22 0 108 59 55 102 94 25 63 34 
104 108 0 49 81 90 20 133 67 142 
55 59 49 0 48 95 35 84 56 93 
77 55 81 48 0 47 67 52 14 61 
124 102 90 95 47 0 110 95 39 96 
90 94 20 35 67 110 0 119 71 128 
29 25 133 84 52 95 119 0 66 9 
85 63 67 56 14 39 71 66 0 75 
38 34 142 93 61 96 128 9 75 0 

0 19 72 17 86 84 50 40 97 87 
19 0 61 18 75 65 39 47 78 76 
72 61 0 79 96 24 54 88 37 65 
17 18 79 0 93 83 57 47 94 94 
86 75 96 93 0 120 42 46 133 31 
84 65 24 83 120 0 78 112 13 89 
50 39 54 57 42 78 0 34 91 37 
40 47 88 47 46 112 34 0 125 47 
97 78 37 94 133 13 91 125 0 102 
87 76 65 94 31 89 37 47 102 0 

0 32 56 114 107 106 79 63 53 57 
32 0 24 82 109 74 81 65 55 53 
56 24 0 90 127 50 99 83 73 71 
114 82 90 0 91 64 73 99 115 57 
107 109 127 91 0 101 28 44 54 56 
106 74 50 64 101 0 73 91 107 49 
79 81 99 73 28 73 0 26 42 28 
63 65 83 99 44 91 26 0 16 42 
53 55 73 115 54 107 42 16 0 58 
57 53 71 57 56 49 28 42 58 0 

0 64 43 99 26 134 64 28 126 77 
64 0 51 97 38 132 74 36 124 17 
43 51 0 56 67 91 23 15 83 64 
99 97 56 0 123 35 35 71 49 90 
26 38 67 123 0 158 88 52 150 51 
134 132 91 35 158 0 70 106 20 115 
64 74 23 35 88 70 0 38 62 87 
28 36 15 71 52 106 38 0 98 49 
126 124 83 49 150 20 62 98 0 107 
77 17 64 90 51 115 87 49 107 0 

0 13 137 120 79 42 13 123 74 63 
13 0 124 107 66 37 26 110 69 50 
137 124 0 65 108 97 150 74 117 74 
120 107 65 0 43 80 133 9 52 57 
79 66 108 43 0 39 92 44 9 48 
42 37 97 80 39 0 53 83 32 25 
13 26 150 133 92 53 0 136 85 76 
123 110 74 9 44 83 136 0 53 60 
74 69 117 52 9 32 85 53 0 57 
63 50 74 57 48 25 76 60 57 0 

0 82 100 68 114 139 54 80 97 94 
82 0 50 138 76 63 136 26 67 100 
100 50 0 88 26 39 86 24 17 50 
68 138 88 0 62 75 26 112 71 38 
114 76 26 62 0 25 72 50 17 24 
139 63 39 75 25 0 97 59 42 45 
54 136 86 26 72 97 0 110 69 52 
80 26 24 112 50 59 110 0 41 74 
97 67 17 71 17 42 69 41 0 33 
94 100 50 38 24 45 52 74 33 0 

0 110 29 17 39 49 34 87 108 65 
110 0 95 93 115 93 116 73 74 45 
29 95 0 40 68 20 21 116 137 50 
17 93 40 0 28 60 45 76 97 48 
39 115 68 28 0 88 73 48 69 70 
49 93 20 60 88 0 23 136 157 68 
34 116 21 45 73 23 0 121 142 71 
87 73 116 76 48 136 121 0 21 68 
108 74 137 97 69 157 142 21 0 89 
65 45 50 48 70 68 71 68 89 0 

0 32 25 19 89 66 31 82 37 17 
32 0 55 39 69 96 61 66 67 49 
25 55 0 16 76 41 6 69 48 36 
19 39 16 0 70 57 22 63 54 36 
89 69 76 70 0 111 82 7 124 106 
66 96 41 57 111 0 35 104 29 77 
31 61 6 22 82 35 0 75 42 42 
82 66 69 63 7 104 75 0 117 99 
37 67 48 54 124 29 42 117 0 48 
17 49 36 36 106 77 42 99 48 0 

0 56 62 133 117 131 111 68 51 71 
56 0 48 77 61 75 55 38 35 81 
62 48 0 71 55 69 49 86 83 33 
133 77 71 0 16 20 28 65 82 80 
117 61 55 16 0 14 14 53 66 66 
131 75 69 20 14 0 20 63 80 76 
111 55 49 28 14 20 0 67 64 56 
68 38 86 65 53 63 67 0 17 119 
51 35 83 82 66 80 64 17 0 116 
71 81 33 80 66 76 56 119 116 0 

0 72 146 83 153 17 43 31 104 74 
72 0 74 133 81 69 99 87 76 18 
146 74 0 65 7 129 125 129 42 86 
83 133 65 0 70 66 62 66 57 151 
153 81 7 70 0 136 132 136 49 91 
17 69 129 66 136 0 30 18 87 87 
43 99 125 62 132 30 0 12 83 117 
31 87 129 66 136 18 12 0 87 105 
104 76 42 57 49 87 83 87 0 94 
74 18 86 151 91 87 117 105 94 0 

0 75 44 95 46 48 40 97 70 20 
75 0 119 20 121 45 35 22 27 95 
44 119 0 139 48 92 84 141 114 24 
95 20 139 0 141 47 55 2 31 115 
46 121 48 141 0 94 86 143 116 28 
48 45 92 47 94 0 74 49 72 68 
40 35 84 55 86 74 0 57 30 60 
97 22 141 2 143 49 57 0 33 117 
70 27 114 31 116 72 30 33 0 90 
20 95 24 115 28 68 60 117 90 0 

0 8 32 63 99 71 82 10 47 57 
8 0 40 67 107 79 86 18 51 53 
32 40 0 93 67 89 112 40 77 27 
63 67 93 0 74 46 33 53 16 120 
99 107 67 74 0 34 57 89 88 82 
71 79 89 46 34 0 23 61 60 116 
82 86 112 33 57 23 0 72 47 139 
10 18 40 53 89 61 72 0 37 67 
47 51 77 16 88 60 47 37 0 104 
57 53 27 120 82 116 139 67 104 0 

0 55 40 20 65 62 90 12 86 49 
55 0 19 75 90 17 65 67 43 48 
40 19 0 60 71 22 84 52 46 43 
20 75 60 0 75 82 88 8 106 47 
65 90 71 75 0 73 155 71 47 114 
62 17 22 82 73 0 82 74 26 55 
90 65 84 88 155 82 0 84 108 41 
12 67 52 8 71 74 84 0 98 43 
86 43 46 106 47 26 108 98 0 79 
49 48 43 47 114 55 41 43 79 0 

0 83 91 98 59 98 89 50 110 116 
83 0 10 61 34 47 96 57 43 85 
91 10 0 51 44 37 86 53 33 75 
98 61 51 0 95 14 35 60 18 24 
59 34 44 95 0 81 130 91 77 119 
98 47 37 14 81 0 49 60 12 38 
89 96 86 35 130 49 0 39 53 41 
50 57 53 60 91 60 39 0 72 78 
110 43 33 18 77 12 53 72 0 42 
116 85 75 24 119 38 41 78 42 0 

0 33 45 56 58 63 46 55 38 69 
33 0 56 23 33 62 13 54 39 36 
45 56 0 79 81 108 69 100 47 92 
56 23 79 0 26 55 10 47 46 13 
58 33 81 26 0 29 20 21 72 33 
63 62 108 55 29 0 49 16 101 62 
46 13 69 10 20 49 0 41 52 23 
55 54 100 47 21 16 41 0 93 54 
38 39 47 46 72 101 52 93 0 45 
69 36 92 13 33 62 23 54 45 0 

0 130 146 82 57 4 148 29 78 139 
130 0 24 94 73 128 28 159 52 47 
146 24 0 88 89 144 4 175 68 23 
82 94 88 0 97 78 90 87 124 81 
57 73 89 97 0 55 91 86 27 82 
4 128 144 78 55 0 146 31 76 137 
148 28 4 90 91 146 0 177 70 19 
29 159 175 87 86 31 177 0 107 168 
78 52 68 124 27 76 70 107 0 77 
139 47 23 81 82 137 19 168 77 0 

0 124 55 88 147 119 119 107 16 97 
124 0 93 76 53 11 9 101 108 27 
55 93 0 87 116 88 88 112 61 66 
88 76 87 0 59 87 85 25 72 65 
147 53 116 59 0 64 62 48 131 50 
119 11 88 87 64 0 2 112 103 22 
119 9 88 85 62 2 0 110 103 22 
107 101 112 25 48 112 110 0 91 90 
16 108 61 72 131 103 103 91 0 81 
97 27 66 65 50 22 22 90 81 0 

0 50 56 83 52 82 37 87 79 141 
50 0 66 33 100 130 55 135 71 105 
56 66 0 51 68 64 19 69 23 85 
83 33 51 0 95 115 46 120 56 90 
52 100 68 95 0 70 49 45 91 153 
82 130 64 115 70 0 75 25 59 83 
37 55 19 46 49 75 0 80 42 104 
87 135 69 120 45 25 80 0 64 108 
79 71 23 56 91 59 42 64 0 62 
141 105 85 90 153 83 104 108 62 0 

0 34 75 16 3 24 36 15 44 72 
34 0 99 50 33 48 70 41 68 106 
75 99 0 59 78 51 91 60 37 41 
16 50 59 0 19 8 32 9 28 56 
3 33 78 19 0 27 37 18 47 73 
24 48 51 8 27 0 40 9 20 58 
36 70 91 32 37 40 0 31 60 64 
15 41 60 9 18 9 31 0 29 65 
44 68 37 28 47 20 60 29 0 78 
72 106 41 56 73 58 64 65 78 0 

0 56 67 73 78 77 71 70 106 25 
56 0 11 63 22 37 93 42 50 31 
67 11 0 68 11 32 98 37 39 42 
73 63 68 0 75 100 36 105 47 52 
78 22 11 75 0 25 105 30 28 53 
77 37 32 100 25 0 130 7 53 52 
71 93 98 36 105 130 0 135 77 82 
70 42 37 105 30 7 135 0 58 53 
106 50 39 47 28 53 77 58 0 81 
25 31 42 52 53 52 82 53 81 0 

0 93 107 98 36 55 111 29 77 118 
93 0 24 131 57 38 58 122 110 33 
107 24 0 107 71 52 34 136 86 11 
98 131 107 0 98 109 73 81 29 98 
36 57 71 98 0 19 75 65 77 82 
55 38 52 109 19 0 56 84 88 63 
111 58 34 73 75 56 0 140 88 25 
29 122 136 81 65 84 140 0 54 147 
77 110 86 29 77 88 88 54 0 95 
118 33 11 98 82 63 25 147 95 0 

0 53 19 119 19 60 95 35 26 55 
53 0 36 72 46 41 74 34 55 108 
19 36 0 108 12 41 84 24 19 74 
119 72 108 0 100 113 46 84 127 80 
19 46 12 100 0 53 76 16 27 62 
60 41 41 113 53 0 89 41 34 115 
95 74 84 46 76 89 0 60 103 56 
35 34 24 84 16 41 60 0 43 74 
26 55 19 127 27 34 103 43 0 81 
55 108 74 80 62 115 56 74 81 0 

0 49 103 44 109 43 10 96 92 87 
49 0 56 11 62 22 39 55 43 72 
103 56 0 59 6 78 93 7 41 16 
44 11 59 0 65 33 34 52 48 61 
109 62 6 65 0 84 99 13 47 22 
43 22 78 33 84 0 45 77 49 94 
10 39 93 34 99 45 0 86 82 77 
96 55 7 52 13 77 86 0 40 17 
92 43 41 48 47 49 82 40 0 57 
87 72 16 61 22 94 77 17 57 0 

0 50 38 47 83 84 45 102 51 45 
50 0 12 25 33 110 87 80 47 87 
38 12 0 21 45 106 83 76 43 83 
47 25 21 0 36 85 68 55 22 62 
83 33 45 36 0 101 104 71 38 78 
84 110 106 85 101 0 105 30 63 77 
45 87 83 68 104 105 0 123 72 28 
102 80 76 55 71 30 123 0 51 95 
51 47 43 22 38 63 72 51 0 44 
45 87 83 62 78 77 28 95 44 0 

0 100 80 83 71 42 60 73 33 40 
100 0 22 47 39 90 94 53 71 60 
80 22 0 51 17 70 74 31 51 40 
83 47 51 0 68 43 47 82 50 71 
71 39 17 68 0 61 65 14 42 31 
42 90 70 43 61 0 18 63 19 30 
60 94 74 47 65 18 0 67 27 48 
73 53 31 82 14 63 67 0 44 33 
33 71 51 50 42 19 27 44 0 21 
40 60 40 71 31 30 48 33 21 0 

0 20 31 46 89 57 47 44 43 85 
20 0 39 34 109 65 55 36 51 77 
31 39 0 65 70 28 38 75 38 116 
46 34 65 0 135 37 27 70 27 111 
89 109 70 135 0 98 108 115 108 92 
57 65 28 37 98 0 10 101 14 142 
47 55 38 27 108 10 0 91 4 132 
44 36 75 70 115 101 91 0 87 41 
43 51 38 27 108 14 4 87 0 128 
85 77 116 111 92 142 132 41 128 0 

0 24 59 87 50 44 57 82 76 64 
24 0 65 63 26 38 33 58 70 40 
59 65 0 44 41 103 42 115 135 53 
87 63 44 0 37 91 30 103 123 41 
50 26 41 37 0 62 7 74 94 14 
44 38 103 91 62 0 61 56 48 50 
57 33 42 30 7 61 0 73 93 11 
82 58 115 103 74 56 73 0 20 62 
76 70 135 123 94 48 93 20 0 82 
64 40 53 41 14 50 11 62 82 0 

0 135 85 55 94 67 86 61 38 78 
135 0 92 96 57 78 49 92 173 73 
85 92 0 140 129 150 43 146 81 145 
55 96 140 0 55 28 103 6 77 39 
94 57 129 55 0 27 92 51 132 16 
67 78 150 28 27 0 113 24 105 11 
86 49 43 103 92 113 0 109 124 108 
61 92 146 6 51 24 109 0 81 35 
38 173 81 77 132 105 124 81 0 116 
78 73 145 39 16 11 108 35 116 0 

0 49 76 52 104 92 105 57 68 93 
49 0 55 31 63 51 84 8 45 44 
76 55 0 46 38 106 29 61 10 53 
52 31 46 0 84 82 55 37 48 73 
104 63 38 84 0 114 29 69 36 61 
92 51 106 82 114 0 135 45 96 53 
105 84 29 55 29 135 0 90 39 82 
57 8 61 37 69 45 90 0 51 36 
68 45 10 48 36 96 39 51 0 43 
93 44 53 73 61 53 82 36 43 0 

0 64 11 37 64 24 63 17 94 125 
64 0 53 45 112 88 29 81 60 91 
11 53 0 48 75 35 74 28 105 136 
37 45 48 0 67 47 26 50 57 88 
64 112 75 67 0 74 83 77 78 63 
24 88 35 47 74 0 73 7 104 135 
63 29 74 26 83 73 0 76 31 62 
17 81 28 50 77 7 76 0 107 138 
94 60 105 57 78 104 31 107 0 31 
125 91 136 88 63 135 62 138 31 0 

0 32 17 26 87 62 41 8 61 103 
32 0 43 42 55 54 9 38 73 71 
17 43 0 9 98 73 52 25 52 114 
26 42 9 0 97 72 51 34 51 113 
87 55 98 97 0 71 46 93 90 54 
62 54 73 72 71 0 55 68 21 41 
41 9 52 51 46 55 0 47 74 62 
8 38 25 34 93 68 47 0 69 109 
61 73 52 51 90 21 74 69 0 62 
103 71 114 113 54 41 62 109 62 0 

0 39 56 82 47 82 97 81 43 26 
39 0 21 63 54 43 78 42 14 45 
56 21 0 84 71 34 99 45 35 30 
82 63 84 0 85 50 15 39 49 108 
47 54 71 85 0 97 86 96 58 73 
82 43 34 50 97 0 65 11 39 58 
97 78 99 15 86 65 0 54 64 123 
81 42 45 39 96 11 54 0 38 69 
43 14 35 49 58 39 64 38 0 59 
26 45 30 108 73 58 123 69 59 0 

0 37 33 17 25 18 77 81 51 68 
37 0 22 44 56 19 72 58 16 51 
33 22 0 50 58 39 94 80 20 73 
17 44 50 0 12 25 84 88 58 75 
25 56 58 12 0 37 96 100 70 87 
18 19 39 25 37 0 59 63 33 50 
77 72 94 84 96 59 0 14 88 21 
81 58 80 88 100 63 14 0 74 13 
51 16 20 58 70 33 88 74 0 67 
68 51 73 75 87 50 21 13 67 0 

0 44 38 41 58 71 58 38 71 43 
44 0 6 85 70 27 102 32 33 45 
38 6 0 79 76 33 96 38 33 39 
41 85 79 0 99 112 43 79 112 40 
58 70 76 99 0 79 72 38 103 101 
71 27 33 112 79 0 129 41 24 72 
58 102 96 43 72 129 0 96 129 57 
38 32 38 79 38 41 96 0 65 63 
71 33 33 112 103 24 129 65 0 72 
43 45 39 40 101 72 57 63 72 0 

0 29 74 52 37 41 88 151 84 41 
29 0 77 23 24 38 59 122 55 12 
74 77 0 94 101 115 44 83 88 71 
52 23 94 0 15 25 50 99 32 23 
37 24 101 15 0 14 57 114 47 30 
41 38 115 25 14 0 71 124 57 44 
88 59 44 50 57 71 0 63 44 47 
151 122 83 99 114 124 63 0 67 110 
84 55 88 32 47 57 44 67 0 43 
41 12 71 23 30 44 47 110 43 0 

0 56 72 21 72 39 29 23 25 54 
56 0 128 47 104 17 59 79 81 46 
72 128 0 85 78 111 69 49 47 82 
21 47 85 0 93 36 50 36 38 75 
72 104 78 93 0 87 45 61 73 58 
39 17 111 36 87 0 42 62 64 39 
29 59 69 50 45 42 0 20 30 25 
23 79 49 36 61 62 20 0 12 43 
25 81 47 38 73 64 30 12 0 55 
54 46 82 75 58 39 25 43 55 0 

0 80 50 65 42 52 26 28 50 48 
80 0 30 145 72 52 78 98 110 64 
50 30 0 115 46 50 48 68 80 44 
65 145 115 0 73 117 67 65 35 85 
42 72 46 73 0 44 16 70 38 90 
52 52 50 117 44 0 50 74 82 94 
26 78 48 67 16 50 0 54 32 74 
28 98 68 65 70 74 54 0 78 34 
50 110 80 35 38 82 32 78 0 98 
48 64 44 85 90 94 74 34 98 0 

0 47 118 25 67 60 136 22 74 29 
47 0 71 60 102 57 89 25 27 76 
118 71 0 131 91 58 18 96 44 147 
25 60 131 0 92 73 149 35 87 28 
67 102 91 92 0 45 85 87 101 80 
60 57 58 73 45 0 76 42 56 89 
136 89 18 149 85 76 0 114 62 165 
22 25 96 35 87 42 114 0 52 51 
74 27 44 87 101 56 62 52 0 103 
29 76 147 28 80 89 165 51 103 0 

0 74 101 36 85 85 16 50 54 102 
74 0 27 38 31 45 58 24 20 28 
101 27 0 65 42 34 85 51 47 19 
36 38 65 0 49 75 20 36 40 66 
85 31 42 49 0 76 69 37 41 23 
85 45 34 75 76 0 75 39 35 53 
16 58 85 20 69 75 0 36 40 86 
50 24 51 36 37 39 36 0 4 52 
54 20 47 40 41 35 40 4 0 48 
102 28 19 66 23 53 86 52 48 0 

0 72 10 140 65 143 64 125 69 104 
72 0 72 68 61 71 30 53 51 32 
10 72 0 140 69 143 64 125 69 104 
140 68 140 0 81 23 76 59 71 50 
65 61 69 81 0 78 31 60 112 39 
143 71 143 23 78 0 79 36 74 39 
64 30 64 76 31 79 0 61 81 40 
125 53 125 59 60 36 61 0 90 21 
69 51 69 71 112 74 81 90 0 81 
104 32 104 50 39 39 40 21 81 0 

0 88 60 38 120 81 9 61 59 19 
88 0 122 64 78 93 93 49 29 95 
60 122 0 58 60 29 51 73 93 41 
38 64 58 0 82 43 29 23 35 31 
120 78 60 82 0 39 111 59 87 101 
81 93 29 43 39 0 72 44 64 62 
9 93 51 29 111 72 0 52 64 10 
61 49 73 23 59 44 52 0 28 46 
59 29 93 35 87 64 64 28 0 66 
19 95 41 31 101 62 10 46 66 0 

0 60 37 74 29 58 62 34 31 83 
60 0 39 76 45 44 6 28 91 81 
37 39 0 37 16 83 33 67 62 120 
74 76 37 0 45 120 70 104 91 157 
29 45 16 45 0 75 47 59 46 112 
58 44 83 120 75 0 50 24 89 37 
62 6 33 70 47 50 0 34 93 87 
34 28 67 104 59 24 34 0 65 53 
31 91 62 91 46 89 93 65 0 66 
83 81 120 157 112 37 87 53 66 0 

0 45 122 51 14 118 37 70 93 37 
45 0 77 82 51 149 68 101 124 68 
122 77 0 153 128 86 131 92 69 111 
51 82 153 0 65 67 22 61 84 42 
14 51 128 65 0 132 51 84 107 51 
118 149 86 67 132 0 81 48 25 81 
37 68 131 22 51 81 0 39 62 20 
70 101 92 61 84 48 39 0 23 33 
93 124 69 84 107 25 62 23 0 56 
37 68 111 42 51 81 20 33 56 0 

0 55 68 117 69 72 55 79 79 49 
55 0 69 62 100 103 24 40 54 74 
68 69 0 131 137 140 61 93 15 111 
117 62 131 0 84 99 70 38 116 68 
69 100 137 84 0 15 124 60 148 26 
72 103 140 99 15 0 127 63 151 31 
55 24 61 70 124 127 0 64 46 98 
79 40 93 38 60 63 64 0 88 34 
79 54 15 116 148 151 46 88 0 122 
49 74 111 68 26 31 98 34 122 0 

0 106 65 77 28 82 81 61 68 13 
106 0 93 97 78 68 25 115 38 119 
65 93 0 12 63 31 68 22 59 54 
77 97 12 0 75 35 72 18 71 66 
28 78 63 75 0 80 53 59 40 41 
82 68 31 35 80 0 47 53 76 71 
81 25 68 72 53 47 0 90 29 94 
61 115 22 18 59 53 90 0 77 50 
68 38 59 71 40 76 29 77 0 81 
13 119 54 66 41 71 94 50 81 0 

0 91 59 85 130 118 92 6 105 37 
91 0 98 144 97 59 9 85 70 60 
59 98 0 46 71 59 105 53 46 38 
85 144 46 0 47 85 151 79 74 84 
130 97 71 47 0 38 104 124 27 93 
118 59 59 85 38 0 66 112 13 81 
92 9 105 151 104 66 0 90 77 67 
6 85 53 79 124 112 90 0 99 31 
105 70 46 74 27 13 77 99 0 68 
37 60 38 84 93 81 67 31 68 0 

0 46 68 72 116 124 7 120 90 78 
46 0 22 42 86 94 41 90 60 32 
68 22 0 58 102 110 63 106 76 30 
72 42 58 0 44 52 79 48 32 64 
116 86 102 44 0 8 123 6 26 72 
124 94 110 52 8 0 131 10 34 80 
7 41 63 79 123 131 0 127 97 73 
120 90 106 48 6 10 127 0 30 76 
90 60 76 32 26 34 97 30 0 46 
78 32 30 64 72 80 73 76 46 0 

0 12 85 91 85 78 114 6 124 104 
12 0 73 103 97 66 102 18 136 92 
85 73 0 46 40 75 29 91 79 61 
91 103 46 0 24 121 59 91 33 107 
85 97 40 24 0 115 53 81 39 101 
78 66 75 121 115 0 62 84 154 26 
114 102 29 59 53 62 0 120 92 48 
6 18 91 91 81 84 120 0 120 110 
124 136 79 33 39 154 92 120 0 140 
104 92 61 107 101 26 48 110 140 0 

0 99 85 85 31 68 42 57 64 121 
99 0 82 14 86 59 63 42 55 88 
85 82 0 80 54 23 55 50 27 36 
85 14 80 0 84 57 49 30 53 86 
31 86 54 84 0 37 59 54 33 90 
68 59 23 57 37 0 32 27 4 53 
42 63 55 49 59 32 0 21 28 85 
57 42 50 30 54 27 21 0 23 64 
64 55 27 53 33 4 28 23 0 57 
121 88 36 86 90 53 85 64 57 0 

0 54 43 80 81 42 67 85 51 72 
54 0 53 80 81 42 85 31 27 72 
43 53 0 37 38 85 32 84 70 29 
80 80 37 0 59 122 13 111 107 26 
81 81 38 59 0 123 64 60 108 33 
42 42 85 122 123 0 109 63 27 114 
67 85 32 13 64 109 0 116 94 31 
85 31 84 111 60 63 116 0 48 85 
51 27 70 107 108 27 94 48 0 99 
72 72 29 26 33 114 31 85 99 0 

0 62 88 61 45 44 79 46 94 75 
62 0 114 35 19 46 29 16 44 79 
88 114 0 149 133 132 85 122 70 47 
61 35 149 0 16 21 64 27 79 114 
45 19 133 16 0 27 48 11 63 98 
44 46 132 21 27 0 63 30 78 97 
79 29 85 64 48 63 0 37 15 50 
46 16 122 27 11 30 37 0 52 87 
94 44 70 79 63 78 15 52 0 35 
75 79 47 114 98 97 50 87 35 0 

0 97 51 122 89 104 45 75 62 108 
97 0 104 25 24 99 78 130 37 71 
51 104 0 85 80 53 66 26 83 57 
122 25 85 0 33 80 103 111 62 52 
89 24 80 33 0 75 70 106 29 47 
104 99 53 80 75 0 85 31 78 28 
45 78 66 103 70 85 0 92 41 89 
75 130 26 111 106 31 92 0 109 59 
62 37 83 62 29 78 41 109 0 50 
108 71 57 52 47 28 89 59 50 0 

0 90 133 132 142 63 19 99 85 77 
90 0 61 50 64 55 83 91 171 39 
133 61 0 11 9 98 114 34 110 56 
132 50 11 0 14 97 113 41 121 55 
142 64 9 14 0 107 123 43 107 65 
63 55 98 97 107 0 60 68 148 42 
19 83 114 113 123 60 0 80 88 58 
99 91 34 41 43 68 80 0 80 52 
85 171 110 121 107 148 88 80 0 132 
77 39 56 55 65 42 58 52 132 0 

0 86 123 106 103 32 56 126 44 95 
86 0 37 20 17 94 118 40 54 21 
123 37 0 17 20 95 107 13 91 32 
106 20 17 0 15 82 106 20 74 33 
103 17 20 15 0 97 121 27 71 18 
32 94 95 82 97 0 28 98 76 115 
56 118 107 106 121 28 0 94 100 139 
126 40 13 20 27 98 94 0 94 45 
44 54 91 74 71 76 100 94 0 63 
95 21 32 33 18 115 139 45 63 0 

0 54 43 93 31 86 94 40 116 49 
54 0 11 97 39 90 98 44 120 103 
43 11 0 86 28 79 87 33 109 92 
93 97 86 0 62 39 23 53 37 80 
31 39 28 62 0 55 63 19 85 64 
86 90 79 39 55 0 16 46 30 67 
94 98 87 23 63 16 0 54 22 75 
40 44 33 53 19 46 54 0 76 83 
116 120 109 37 85 30 22 76 0 97 
49 103 92 80 64 67 75 83 97 0 

0 67 63 87 64 12 52 50 43 21 
67 0 78 102 131 59 93 35 58 88 
63 78 0 32 77 51 115 113 20 84 
87 102 32 0 101 75 139 137 44 108 
64 131 77 101 0 72 38 104 73 43 
12 59 51 75 72 0 64 62 31 33 
52 93 115 139 38 64 0 66 95 31 
50 35 113 137 104 62 66 0 93 61 
43 58 20 44 73 31 95 93 0 64 
21 88 84 108 43 33 31 61 64 0 

0 64 47 64 106 109 136 43 45 31 
64 0 95 22 42 61 72 101 65 79 
47 95 0 111 101 156 93 90 30 28 
64 22 111 0 64 45 94 79 81 95 
106 42 101 64 0 87 30 143 71 91 
109 61 156 45 87 0 117 66 126 140 
136 72 93 94 30 117 0 173 91 121 
43 101 90 79 143 66 173 0 82 74 
45 65 30 81 71 126 91 82 0 30 
31 79 28 95 91 140 121 74 30 0 

0 141 92 53 46 67 20 64 35 98 
141 0 49 88 115 86 121 77 148 43 
92 49 0 39 72 93 72 38 99 20 
53 88 39 0 37 58 33 11 60 45 
46 115 72 37 0 29 40 38 33 72 
67 86 93 58 29 0 61 55 62 73 
20 121 72 33 40 61 0 44 29 78 
64 77 38 11 38 55 44 0 71 34 
35 148 99 60 33 62 29 71 0 105 
98 43 20 45 72 73 78 34 105 0 

0 67 33 86 18 54 73 45 68 34 
67 0 44 121 51 35 66 22 31 69 
33 44 0 119 15 33 64 22 45 67 
86 121 119 0 104 86 55 107 90 52 
18 51 15 104 0 38 57 29 52 52 
54 35 33 86 38 0 31 21 14 52 
73 66 64 55 57 31 0 52 35 71 
45 22 22 107 29 21 52 0 23 55 
68 31 45 90 52 14 35 23 0 66 
34 69 67 52 52 52 71 55 66 0 

0 86 146 50 79 81 49 55 81 113 
86 0 70 90 49 117 49 95 43 55 
146 70 0 144 67 65 97 109 65 33 
50 90 144 0 77 79 47 35 79 111 
79 49 67 77 0 68 30 46 6 34 
81 117 65 79 68 0 68 44 74 62 
49 49 97 47 30 68 0 46 32 64 
55 95 109 35 46 44 46 0 52 76 
81 43 65 79 6 74 32 52 0 32 
113 55 33 111 34 62 64 76 32 0 

0 81 82 121 75 71 85 4 96 84 
81 0 25 80 62 110 124 85 15 15 
82 25 0 105 87 135 149 86 26 10 
121 80 105 0 46 64 72 125 79 95 
75 62 87 46 0 48 62 79 61 77 
71 110 135 64 48 0 14 73 109 125 
85 124 149 72 62 14 0 87 123 139 
4 85 86 125 79 73 87 0 100 88 
96 15 26 79 61 109 123 100 0 16 
84 15 10 95 77 125 139 88 16 0 

0 56 102 100 21 27 7 69 97 81 
56 0 74 94 35 53 49 61 73 63 
102 74 0 20 83 99 95 33 5 21 
100 94 20 0 103 87 99 33 21 31 
21 35 83 103 0 30 14 70 82 72 
27 53 99 87 30 0 26 66 94 78 
7 49 95 99 14 26 0 66 90 74 
69 61 33 33 70 66 66 0 28 12 
97 73 5 21 82 94 90 28 0 16 
81 63 21 31 72 78 74 12 16 0 

0 66 123 56 15 32 80 84 83 18 
66 0 63 22 61 70 20 54 39 84 
123 63 0 85 124 133 43 117 102 113 
56 22 85 0 41 48 42 32 27 74 
15 61 124 41 0 17 81 69 68 33 
32 70 133 48 17 0 90 52 51 50 
80 20 43 42 81 90 0 74 59 98 
84 54 117 32 69 52 74 0 15 102 
83 39 102 27 68 51 59 15 0 101 
18 84 113 74 33 50 98 102 101 0 

0 46 81 135 58 118 52 67 79 51 
46 0 97 151 14 134 22 83 95 7 
81 97 0 54 83 37 75 36 4 104 
135 151 54 0 137 17 129 68 56 158 
58 14 83 137 0 120 8 69 81 21 
118 134 37 17 120 0 112 51 39 141 
52 22 75 129 8 112 0 61 73 29 
67 83 36 68 69 51 61 0 40 90 
79 95 4 56 81 39 73 40 0 102 
51 7 104 158 21 141 29 90 102 0 

0 90 12 42 76 34 33 110 102 71 
90 0 78 48 98 56 57 20 24 43 
12 78 0 30 84 32 21 98 90 59 
42 48 30 0 104 52 29 68 60 37 
76 98 84 104 0 52 75 116 122 141 
34 56 32 52 52 0 23 76 70 89 
33 57 21 29 75 23 0 77 69 66 
110 20 98 68 116 76 77 0 8 39 
102 24 90 60 122 70 69 8 0 31 
71 43 59 37 141 89 66 39 31 0 

