0 59 53 53 44 76 86 64 
59 0 50 22 37 73 81 61 
53 50 0 36 27 41 69 39 
53 22 36 0 15 51 59 39 
44 37 27 15 0 36 44 24 
76 73 41 51 36 0 28 12 
86 81 69 59 44 28 0 30 
64 61 39 39 24 12 30 0 

0 30 111 62 55 87 51 132 
30 0 81 68 61 57 23 102 
111 81 0 91 84 26 60 21 
62 68 91 0 33 65 45 76 
55 61 84 33 0 58 38 103 
87 57 26 65 58 0 36 45 
51 23 60 45 38 36 0 81 
132 102 21 76 103 45 81 0 

0 62 49 88 44 32 32 113 
62 0 57 36 100 56 30 51 
49 57 0 87 43 17 27 64 
88 36 87 0 130 86 60 87 
44 100 43 130 0 44 70 77 
32 56 17 86 44 0 26 81 
32 30 27 60 70 26 0 81 
113 51 64 87 77 81 81 0 

0 19 88 48 117 109 69 39 
19 0 87 59 136 128 76 56 
88 87 0 136 85 117 19 49 
48 59 136 0 101 93 117 87 
117 136 85 101 0 32 66 80 
109 128 117 93 32 0 98 72 
69 76 19 117 66 98 0 30 
39 56 49 87 80 72 30 0 

0 27 10 29 47 72 63 99 
27 0 17 48 74 79 70 106 
10 17 0 35 57 66 57 93 
29 48 35 0 40 101 92 128 
47 74 57 40 0 61 52 88 
72 79 66 101 61 0 19 27 
63 70 57 92 52 19 0 36 
99 106 93 128 88 27 36 0 

0 108 37 21 90 51 38 81 
108 0 71 87 86 57 142 27 
37 71 0 16 101 58 71 44 
21 87 16 0 89 46 55 60 
90 86 101 89 0 43 92 67 
51 57 58 46 43 0 85 30 
38 142 71 55 92 85 0 115 
81 27 44 60 67 30 115 0 

0 55 93 31 25 64 93 64 
55 0 38 70 32 33 38 19 
93 38 0 80 68 29 48 49 
31 70 80 0 38 51 88 89 
25 32 68 38 0 39 68 51 
64 33 29 51 39 0 51 52 
93 38 48 88 68 51 0 29 
64 19 49 89 51 52 29 0 

0 65 39 21 40 90 69 35 
65 0 68 86 35 61 8 30 
39 68 0 36 79 129 60 60 
21 86 36 0 53 103 90 56 
40 35 79 53 0 50 39 19 
90 61 129 103 50 0 69 69 
69 8 60 90 39 69 0 34 
35 30 60 56 19 69 34 0 

0 80 95 56 19 100 52 46 
80 0 97 34 61 90 48 72 
95 97 0 63 76 7 49 49 
56 34 63 0 37 56 14 38 
19 61 76 37 0 81 33 27 
100 90 7 56 81 0 48 54 
52 48 49 14 33 48 0 24 
46 72 49 38 27 54 24 0 

0 52 30 33 53 22 33 81 
52 0 78 27 23 68 63 29 
30 78 0 59 79 10 63 107 
33 27 59 0 50 49 44 48 
53 23 79 50 0 69 72 28 
22 68 10 49 69 0 55 97 
33 63 63 44 72 55 0 92 
81 29 107 48 28 97 92 0 

0 69 132 23 30 127 65 107 
69 0 95 64 91 104 38 116 
132 95 0 109 102 9 67 25 
23 64 109 0 27 104 42 84 
30 91 102 27 0 97 53 77 
127 104 9 104 97 0 66 20 
65 38 67 42 53 66 0 78 
107 116 25 84 77 20 78 0 

