0 615 722 186 1254 836 917 626 76 45 137 876 936 553 420 
615 0 1337 759 889 499 704 11 539 570 558 645 777 1168 1035 
722 1337 0 578 624 838 633 1348 798 767 801 692 560 169 302 
186 759 578 0 1068 650 731 770 224 207 323 690 750 409 276 
1254 889 624 1068 0 418 337 900 1292 1275 1391 378 318 717 874 
836 499 838 650 418 0 205 510 874 857 973 146 278 669 536 
917 704 633 731 337 205 0 715 955 938 1054 59 73 464 537 
626 11 1348 770 900 510 715 0 550 581 559 656 788 1179 1046 
76 539 798 224 1292 874 955 550 0 31 99 914 974 629 496 
45 570 767 207 1275 857 938 581 31 0 116 897 957 598 465 
137 558 801 323 1391 973 1054 559 99 116 0 1013 1073 674 517 
876 645 692 690 378 146 59 656 914 897 1013 0 132 523 496 
936 777 560 750 318 278 73 788 974 957 1073 132 0 399 556 
553 1168 169 409 717 669 464 1179 629 598 674 523 399 0 157 
420 1035 302 276 874 536 537 1046 496 465 517 496 556 157 0 

0 523 572 579 1221 707 1218 804 255 921 669 174 796 233 795 
523 0 495 200 698 630 695 727 778 844 592 697 653 756 718 
572 495 0 695 903 337 900 232 573 349 177 492 478 639 223 
579 200 695 0 642 830 639 927 834 1044 792 753 853 812 918 
1221 698 903 642 0 566 29 1107 1476 1014 726 1395 425 1454 822 
707 630 337 830 566 0 563 541 910 448 160 829 141 888 256 
1218 695 900 639 29 563 0 1104 1473 1011 723 1392 454 1451 819 
804 727 232 927 1107 541 1104 0 593 117 381 636 682 871 285 
255 778 573 834 1476 910 1473 593 0 710 750 81 1051 278 654 
921 844 349 1044 1014 448 1011 117 710 0 288 753 589 988 192 
669 592 177 792 726 160 723 381 750 288 0 669 301 736 126 
174 697 492 753 1395 829 1392 636 81 753 669 0 970 235 627 
796 653 478 853 425 141 454 682 1051 589 301 970 0 1029 397 
233 756 639 812 1454 888 1451 871 278 988 736 235 1029 0 862 
795 718 223 918 822 256 819 285 654 192 126 627 397 862 0 

0 767 423 273 693 1193 360 752 691 1022 396 929 434 805 51 
767 0 1144 1040 378 836 407 293 302 665 371 572 791 252 738 
423 1144 0 254 766 770 737 1129 1068 599 773 904 857 1182 474 
273 1040 254 0 662 1024 633 1025 964 853 669 800 603 1078 302 
693 378 766 662 0 500 661 363 638 329 705 236 1127 416 744 
1193 836 770 1024 500 0 1161 581 1138 171 1205 356 1627 634 1244 
360 407 737 633 661 1161 0 618 331 990 44 897 466 577 331 
752 293 1129 1025 363 581 618 0 595 638 662 279 1084 53 723 
691 302 1068 964 638 1138 331 595 0 967 295 874 645 554 662 
1022 665 599 853 329 171 990 638 967 0 1034 413 1456 691 1073 
396 371 773 669 705 1205 44 662 295 1034 0 941 422 621 367 
929 572 904 800 236 356 897 279 874 413 941 0 1363 320 980 
434 791 857 603 1127 1627 466 1084 645 1456 422 1363 0 1043 383 
805 252 1182 1078 416 634 577 53 554 691 621 320 1043 0 776 
51 738 474 302 744 1244 331 723 662 1073 367 980 383 776 0 

0 956 1009 180 1119 440 1018 493 969 1050 849 1042 1334 731 331 
956 0 53 968 703 832 702 1125 37 334 511 366 608 1039 625 
1009 53 0 1021 684 885 683 1106 40 315 564 385 589 1020 678 
180 968 1021 0 1131 260 1030 629 981 1062 669 862 1346 743 343 
1119 703 684 1131 0 995 101 626 666 369 876 1069 215 388 788 
440 832 885 260 995 0 894 889 845 926 409 602 1210 803 277 
1018 702 683 1030 101 894 0 525 665 368 875 1068 316 337 687 
493 1125 1106 629 626 889 525 0 1088 791 1298 1491 841 238 612 
969 37 40 981 666 845 665 1088 0 297 524 403 571 1002 638 
1050 334 315 1062 369 926 368 791 297 0 605 700 284 705 719 
849 511 564 669 876 409 875 1298 524 605 0 263 889 1212 686 
1042 366 385 862 1069 602 1068 1491 403 700 263 0 974 1405 879 
1334 608 589 1346 215 1210 316 841 571 284 889 974 0 603 1003 
731 1039 1020 743 388 803 337 238 1002 705 1212 1405 603 0 526 
331 625 678 343 788 277 687 612 638 719 686 879 1003 526 0 

0 166 628 317 182 318 456 319 869 282 300 394 1177 664 582 
166 0 684 373 214 352 400 375 925 338 244 450 1233 498 416 
628 684 0 481 810 946 1084 423 765 512 928 810 549 642 274 
317 373 481 0 499 635 773 58 552 35 617 329 860 583 501 
182 214 810 499 0 138 274 501 1051 464 118 576 1359 712 630 
318 352 946 635 138 0 138 637 1187 600 196 712 1495 850 768 
456 400 1084 773 274 138 0 775 1325 738 156 850 1633 730 810 
319 375 423 58 501 637 775 0 550 89 619 387 858 525 443 
869 925 765 552 1051 1187 1325 550 0 587 1169 475 308 883 785 
282 338 512 35 464 600 738 89 587 0 582 298 895 614 532 
300 244 928 617 118 196 156 619 1169 582 0 694 1477 654 654 
394 450 810 329 576 712 850 387 475 298 694 0 783 912 830 
1177 1233 549 860 1359 1495 1633 858 308 895 1477 783 0 1191 823 
664 498 642 583 712 850 730 525 883 614 654 912 1191 0 368 
582 416 274 501 630 768 810 443 785 532 654 830 823 368 0 

0 849 472 993 446 898 602 1165 1154 1031 700 697 849 639 813 
849 0 611 270 1077 369 721 1110 441 704 677 1394 874 1054 624 
472 611 0 521 700 426 488 1051 1040 917 586 1017 735 677 699 
993 270 521 0 1221 99 865 1254 699 848 821 1538 1018 1198 768 
446 1077 700 1221 0 1126 356 719 708 585 400 317 403 193 453 
898 369 426 99 1126 0 770 1159 798 753 726 1443 923 1103 673 
602 721 488 865 356 770 0 563 552 429 98 673 247 333 211 
1165 1110 1051 1254 719 1159 563 0 669 406 465 468 316 526 486 
1154 441 1040 699 708 798 552 669 0 263 454 953 433 613 341 
1031 704 917 848 585 753 429 406 263 0 331 690 182 392 218 
700 677 586 821 400 726 98 465 454 331 0 717 197 377 113 
697 1394 1017 1538 317 1443 673 468 953 690 717 0 520 340 770 
849 874 735 1018 403 923 247 316 433 182 197 520 0 210 250 
639 1054 677 1198 193 1103 333 526 613 392 377 340 210 0 430 
813 624 699 768 453 673 211 486 341 218 113 770 250 430 0 

0 791 1088 978 691 243 345 429 210 1022 576 1043 364 1462 1404 
791 0 849 1221 100 548 446 362 581 1265 215 1286 563 671 665 
1088 849 0 372 899 845 775 659 878 532 1044 449 724 374 316 
978 1221 372 0 1271 1171 1147 1029 794 168 1416 85 658 738 680 
691 100 899 1271 0 448 346 262 481 1315 145 1336 613 771 715 
243 548 845 1171 448 0 102 186 377 1215 333 1236 513 1219 1161 
345 446 775 1147 346 102 0 118 353 1191 269 1212 489 1117 1059 
429 362 659 1029 262 186 118 0 235 1073 387 1094 371 1033 975 
210 581 878 794 481 377 353 235 0 838 622 859 154 1252 1194 
1022 1265 532 168 1315 1215 1191 1073 838 0 1460 83 702 906 848 
576 215 1044 1416 145 333 269 387 622 1460 0 1481 758 886 860 
1043 1286 449 85 1336 1236 1212 1094 859 83 1481 0 723 823 765 
364 563 724 658 613 513 489 371 154 702 758 723 0 1098 1040 
1462 671 374 738 771 1219 1117 1033 1252 906 886 823 1098 0 168 
1404 665 316 680 715 1161 1059 975 1194 848 860 765 1040 168 0 

0 1309 233 315 66 443 617 1464 1199 589 1171 652 835 309 761 
1309 0 1384 994 1259 866 692 485 110 720 784 949 1016 1000 1040 
233 1384 0 390 299 518 692 1539 1274 664 1246 435 910 384 786 
315 994 390 0 265 128 402 1149 884 274 856 749 834 398 858 
66 1259 299 265 0 393 567 1414 1149 539 1121 718 803 367 827 
443 866 518 128 393 0 342 1021 756 308 728 689 774 338 798 
617 692 692 402 567 342 0 847 582 650 554 347 432 308 456 
1464 485 1539 1149 1414 1021 847 0 449 875 299 1104 629 1155 753 
1199 110 1274 884 1149 756 582 449 0 610 748 895 980 890 1004 
589 720 664 274 539 308 650 875 610 0 850 997 1082 646 1106 
1171 784 1246 856 1121 728 554 299 748 850 0 811 336 862 460 
652 949 435 749 718 689 347 1104 895 997 811 0 475 351 351 
835 1016 910 834 803 774 432 629 980 1082 336 475 0 526 124 
309 1000 384 398 367 338 308 1155 890 646 862 351 526 0 460 
761 1040 786 858 827 798 456 753 1004 1106 460 351 124 460 0 

0 628 31 387 611 496 396 227 263 418 511 225 630 1140 480 
628 0 625 629 759 712 922 401 723 210 787 405 482 512 304 
31 625 0 356 642 465 365 224 232 415 480 220 599 1137 477 
387 629 356 0 998 109 293 282 124 419 158 224 399 1141 543 
611 759 642 998 0 1107 1007 716 874 955 1122 836 1241 1097 455 
496 712 465 109 1107 0 210 391 233 502 75 307 482 1224 652 
396 922 365 293 1007 210 0 521 199 712 135 517 692 1434 774 
227 401 224 282 716 391 521 0 322 239 406 120 525 913 261 
263 723 232 124 874 233 199 322 0 513 248 318 493 1235 575 
418 210 415 419 955 502 712 239 513 0 577 195 286 722 500 
511 787 480 158 1122 75 135 406 248 577 0 382 557 1299 667 
225 405 220 224 836 307 517 120 318 195 382 0 405 917 381 
630 482 599 399 1241 482 692 525 493 286 557 405 0 742 786 
1140 512 1137 1141 1097 1224 1434 913 1235 722 1299 917 742 0 660 
480 304 477 543 455 652 774 261 575 500 667 381 786 660 0 

0 244 887 549 565 375 467 446 513 328 472 581 464 420 235 
244 0 1131 561 339 547 409 540 287 572 716 355 238 418 461 
887 1131 0 570 1040 584 722 591 1034 559 575 944 1311 713 1022 
549 561 570 0 470 174 152 103 464 671 969 374 741 143 784 
565 339 1040 470 0 456 318 449 52 687 985 96 271 327 800 
375 547 584 174 456 0 138 71 450 497 795 360 727 129 610 
467 409 722 152 318 138 0 131 312 589 887 222 589 47 702 
446 540 591 103 449 71 131 0 443 568 866 353 720 122 681 
513 287 1034 464 52 450 312 443 0 635 933 90 277 321 748 
328 572 559 671 687 497 589 568 635 0 298 703 752 542 463 
472 716 575 969 985 795 887 866 933 298 0 1001 896 840 607 
581 355 944 374 96 360 222 353 90 703 1001 0 367 231 816 
464 238 1311 741 271 727 589 720 277 752 896 367 0 598 699 
420 418 713 143 327 129 47 122 321 542 840 231 598 0 655 
235 461 1022 784 800 610 702 681 748 463 607 816 699 655 0 

0 1134 1121 699 1128 870 760 831 794 480 414 515 934 1004 1167 
1134 0 535 435 168 306 374 537 766 720 720 619 200 398 825 
1121 535 0 592 703 251 909 1072 327 677 707 606 407 137 290 
699 435 592 0 429 363 317 480 823 777 285 620 235 455 882 
1128 168 703 429 0 474 368 369 934 888 714 731 296 566 993 
870 306 251 363 474 0 680 843 460 426 456 355 178 134 519 
760 374 909 317 368 680 0 163 1140 1094 346 937 502 772 1199 
831 537 1072 480 369 843 163 0 1303 1257 417 1100 665 935 1362 
794 766 327 823 934 460 1140 1303 0 350 886 279 638 368 373 
480 720 677 777 888 426 1094 1257 350 0 840 157 592 560 723 
414 720 707 285 714 456 346 417 886 840 0 683 520 590 945 
515 619 606 620 731 355 937 1100 279 157 683 0 435 489 652 
934 200 407 235 296 178 502 665 638 592 520 435 0 270 697 
1004 398 137 455 566 134 772 935 368 560 590 489 270 0 427 
1167 825 290 882 993 519 1199 1362 373 723 945 652 697 427 0 

0 777 452 403 870 874 1181 917 149 603 512 693 621 636 329 
777 0 325 708 757 279 404 684 784 174 541 318 244 141 592 
452 325 0 441 592 422 729 519 459 213 550 483 409 184 367 
403 708 441 0 1033 805 1112 960 254 534 167 624 552 567 116 
870 757 592 1033 0 478 435 73 877 805 1142 1075 1001 766 959 
874 279 422 805 478 0 307 405 881 327 664 597 523 288 689 
1181 404 729 1112 435 307 0 362 1188 578 945 640 566 545 996 
917 684 519 960 73 405 362 0 924 732 1069 1002 928 693 886 
149 784 459 254 877 881 1188 924 0 610 363 700 628 643 192 
603 174 213 534 805 327 578 732 610 0 367 270 196 39 418 
512 541 550 167 1142 664 945 1069 363 367 0 457 385 400 183 
693 318 483 624 1075 597 640 1002 700 270 457 0 74 309 508 
621 244 409 552 1001 523 566 928 628 196 385 74 0 235 436 
636 141 184 567 766 288 545 693 643 39 400 309 235 0 451 
329 592 367 116 959 689 996 886 192 418 183 508 436 451 0 

0 212 445 777 592 958 869 1044 814 1177 634 422 887 829 863 
212 0 395 565 380 746 657 832 602 965 422 234 675 617 651 
445 395 0 374 279 555 466 641 411 774 231 629 484 636 460 
777 565 374 0 381 509 424 555 311 400 327 731 110 738 192 
592 380 279 381 0 366 277 452 222 585 54 350 485 357 271 
958 746 555 509 366 0 89 86 198 227 324 536 613 229 317 
869 657 466 424 277 89 0 175 113 308 235 447 528 314 232 
1044 832 641 555 452 86 175 0 244 273 410 622 659 215 363 
814 602 411 311 222 198 113 244 0 363 180 420 415 427 119 
1177 965 774 400 585 227 308 273 363 0 543 755 386 456 314 
634 422 231 327 54 324 235 410 180 543 0 404 431 411 229 
422 234 629 731 350 536 447 622 420 755 404 0 835 407 539 
887 675 484 110 485 613 528 659 415 386 431 835 0 842 296 
829 617 636 738 357 229 314 215 427 456 411 407 842 0 546 
863 651 460 192 271 317 232 363 119 314 229 539 296 546 0 

0 530 410 343 615 846 523 114 979 233 114 676 774 691 537 
530 0 702 575 521 316 83 532 449 753 446 384 482 541 829 
410 702 0 753 747 978 655 296 1111 643 296 1086 1184 823 245 
343 575 753 0 660 891 568 457 1024 178 457 547 431 736 880 
615 521 747 660 0 237 438 617 364 838 531 905 1003 76 502 
846 316 978 891 237 0 323 848 133 1069 762 668 766 257 733 
523 83 655 568 438 323 0 525 456 746 439 467 565 458 746 
114 532 296 457 617 848 525 0 981 347 86 790 888 693 423 
979 449 1111 1024 364 133 456 981 0 1202 895 585 811 340 866 
233 753 643 178 838 1069 746 347 1202 0 347 725 541 914 770 
114 446 296 457 531 762 439 86 895 347 0 790 888 607 423 
676 384 1086 547 905 668 467 790 585 725 790 0 334 925 1213 
774 482 1184 431 1003 766 565 888 811 541 888 334 0 1023 1311 
691 541 823 736 76 257 458 693 340 914 607 925 1023 0 578 
537 829 245 880 502 733 746 423 866 770 423 1213 1311 578 0 

0 275 644 700 551 562 823 558 647 267 630 727 363 724 348 
275 0 369 643 826 369 880 353 704 344 687 670 584 449 405 
644 369 0 868 1195 144 859 128 777 713 462 895 953 80 672 
700 643 868 0 1007 1012 1523 996 1347 967 1330 45 365 918 1048 
551 826 1195 1007 0 1113 516 1109 418 482 833 1034 670 1275 523 
562 369 144 1012 1113 0 777 16 695 631 318 1039 871 162 590 
823 880 859 1523 516 777 0 773 176 556 497 1550 1186 939 475 
558 353 128 996 1109 16 773 0 691 627 334 1023 867 166 586 
647 704 777 1347 418 695 176 691 0 380 415 1374 1010 857 299 
267 344 713 967 482 631 556 627 380 0 363 994 630 793 81 
630 687 462 1330 833 318 497 334 415 363 0 1357 993 442 310 
727 670 895 45 1034 1039 1550 1023 1374 994 1357 0 364 945 1075 
363 584 953 365 670 871 1186 867 1010 630 993 364 0 1033 711 
724 449 80 918 1275 162 939 166 857 793 442 945 1033 0 752 
348 405 672 1048 523 590 475 586 299 81 310 1075 711 752 0 

0 635 145 521 864 368 1200 92 828 1101 946 315 724 1487 975 
635 0 780 632 665 267 565 631 233 466 719 444 89 852 396 
145 780 0 666 1009 513 1345 195 973 1246 1091 418 869 1632 1120 
521 632 666 0 1297 701 679 517 865 1016 425 320 619 966 454 
864 665 1009 1297 0 596 744 886 432 281 1384 1109 678 703 1061 
368 267 513 701 596 0 832 364 460 733 788 513 356 1119 607 
1200 565 1345 679 744 832 0 1196 372 463 640 999 476 287 317 
92 631 195 517 886 364 1196 0 824 1097 942 223 720 1483 971 
828 233 973 865 432 460 372 824 0 273 952 677 246 659 629 
1101 466 1246 1016 281 733 463 1097 273 0 1103 900 397 422 780 
946 719 1091 425 1384 788 640 942 952 1103 0 745 706 681 323 
315 444 418 320 1109 513 999 223 677 900 745 0 523 1286 774 
724 89 869 619 678 356 476 720 246 397 706 523 0 763 383 
1487 852 1632 966 703 1119 287 1483 659 422 681 1286 763 0 512 
975 396 1120 454 1061 607 317 971 629 780 323 774 383 512 0 

0 376 994 786 598 383 112 637 878 643 1166 741 560 334 673 
376 0 712 410 408 665 402 441 502 267 790 365 278 710 391 
994 712 0 1012 530 1377 1106 1153 964 725 668 1019 434 898 321 
786 410 1012 0 818 605 812 149 92 287 492 45 578 1120 691 
598 408 530 818 0 981 710 757 910 675 1198 773 352 502 309 
383 665 1377 605 981 0 271 456 697 652 985 560 943 515 1056 
112 402 1106 812 710 271 0 663 904 669 1192 767 672 308 785 
637 441 1153 149 757 456 663 0 241 428 633 134 719 971 832 
878 502 964 92 910 697 904 241 0 239 444 137 558 1212 643 
643 267 725 287 675 652 669 428 239 0 523 294 323 977 404 
1166 790 668 492 1198 985 1192 633 444 523 0 499 846 1500 889 
741 365 1019 45 773 560 767 134 137 294 499 0 585 1075 698 
560 278 434 578 352 943 672 719 558 323 846 585 0 654 113 
334 710 898 1120 502 515 308 971 1212 977 1500 1075 654 0 611 
673 391 321 691 309 1056 785 832 643 404 889 698 113 611 0 

0 712 901 464 495 597 194 799 741 793 826 729 1489 1477 501 
712 0 419 720 423 815 860 1465 1017 1347 1144 17 777 765 685 
901 419 0 437 612 396 933 1046 598 928 725 410 588 576 400 
464 720 437 0 549 133 496 745 297 627 424 711 1025 1013 37 
495 423 612 549 0 644 689 1294 846 1176 973 440 1200 1188 514 
597 815 396 133 644 0 629 650 202 532 329 806 892 880 130 
194 860 933 496 689 629 0 777 773 825 858 851 1521 1509 533 
799 1465 1046 745 1294 650 777 0 448 118 321 1456 744 988 780 
741 1017 598 297 846 202 773 448 0 330 127 1008 748 736 332 
793 1347 928 627 1176 532 825 118 330 0 203 1338 696 870 662 
826 1144 725 424 973 329 858 321 127 203 0 1135 663 667 459 
729 17 410 711 440 806 851 1456 1008 1338 1135 0 760 748 676 
1489 777 588 1025 1200 892 1521 744 748 696 663 760 0 264 988 
1477 765 576 1013 1188 880 1509 988 736 870 667 748 264 0 976 
501 685 400 37 514 130 533 780 332 662 459 676 988 976 0 

0 279 1106 1007 356 775 716 349 559 867 968 547 776 1096 747 
279 0 1385 1286 619 1054 791 612 838 762 1247 810 1039 1375 1026 
1106 1385 0 763 834 417 594 885 741 623 444 909 1138 68 359 
1007 1286 763 0 735 346 1117 786 448 1268 319 580 527 831 1010 
356 619 834 735 0 503 1072 51 287 1223 696 191 420 824 965 
775 1054 417 346 503 0 771 554 324 922 193 492 721 485 664 
716 791 594 1117 1072 771 0 1065 1095 151 798 1263 1492 584 235 
349 612 885 786 51 554 1065 0 338 1216 747 206 427 875 958 
559 838 741 448 287 324 1095 338 0 1246 409 168 397 809 988 
867 762 623 1268 1223 922 151 1216 1246 0 949 1414 1643 613 264 
968 1247 444 319 696 193 798 747 409 949 0 541 694 512 691 
547 810 909 580 191 492 1263 206 168 1414 541 0 229 977 1156 
776 1039 1138 527 420 721 1492 427 397 1643 694 229 0 1206 1385 
1096 1375 68 831 824 485 584 875 809 613 512 977 1206 0 349 
747 1026 359 1010 965 664 235 958 988 264 691 1156 1385 349 0 

0 289 827 529 96 293 375 558 143 247 134 1045 760 590 1025 
289 0 1020 460 247 68 484 269 308 190 155 826 471 301 806 
827 1020 0 560 773 1024 536 1289 712 830 865 548 1491 1321 920 
529 460 560 0 433 464 154 729 386 282 453 516 931 761 496 
96 247 773 433 0 251 279 516 61 151 92 949 718 548 929 
293 68 1024 464 251 0 488 265 312 194 211 758 467 297 738 
375 484 536 154 279 488 0 753 232 294 329 670 955 785 650 
558 269 1289 729 516 265 753 0 577 459 424 741 202 104 545 
143 308 712 386 61 312 232 577 0 118 153 902 779 609 882 
247 190 830 282 151 194 294 459 118 0 171 798 661 491 778 
134 155 865 453 92 211 329 424 153 171 0 969 626 456 949 
1045 826 548 516 949 758 670 741 902 798 969 0 943 773 372 
760 471 1491 931 718 467 955 202 779 661 626 943 0 170 687 
590 301 1321 761 548 297 785 104 609 491 456 773 170 0 649 
1025 806 920 496 929 738 650 545 882 778 949 372 687 649 0 

0 707 1107 259 1062 163 748 123 861 672 892 247 484 953 1064 
707 0 400 514 355 544 677 772 512 743 185 528 815 368 993 
1107 400 0 914 45 944 1013 1172 848 619 503 928 1215 704 1329 
259 514 914 0 869 368 1007 258 842 413 699 506 743 760 1323 
1062 355 45 869 0 899 986 1127 821 574 476 883 1170 677 1302 
163 544 944 368 899 0 639 232 698 781 729 138 375 790 955 
748 677 1013 1007 986 639 0 871 539 1420 570 501 430 631 316 
123 772 1172 258 1127 232 871 0 926 553 957 370 607 1018 1187 
861 512 848 842 821 698 539 926 0 1255 345 682 969 144 481 
672 743 619 413 574 781 1420 553 1255 0 910 919 1156 1111 1736 
892 185 503 699 476 729 570 957 345 910 0 713 1000 201 826 
247 528 928 506 883 138 501 370 682 919 713 0 287 774 817 
484 815 1215 743 1170 375 430 607 969 1156 1000 287 0 1061 630 
953 368 704 760 677 790 631 1018 144 1111 201 774 1061 0 625 
1064 993 1329 1323 1302 955 316 1187 481 1736 826 817 630 625 0 

0 722 533 952 921 306 314 1235 794 788 573 423 967 904 717 
722 0 961 238 1349 562 868 513 890 68 1001 717 433 944 589 
533 961 0 737 388 839 361 1020 579 893 166 956 752 689 502 
952 238 737 0 1111 792 1098 283 652 170 903 947 195 706 351 
921 1349 388 1111 0 1227 683 858 459 1281 488 1344 916 405 760 
306 562 839 792 1227 0 620 1075 768 628 879 155 807 822 557 
314 868 361 1098 683 620 0 1381 940 934 259 737 1113 1050 863 
1235 513 1020 283 858 1075 1381 0 441 447 1186 1230 268 453 518 
794 890 579 652 459 768 940 441 0 822 745 885 457 110 301 
788 68 893 170 1281 628 934 447 822 0 933 783 365 876 521 
573 1001 166 903 488 879 259 1186 745 933 0 996 918 855 668 
423 717 956 947 1344 155 737 1230 885 783 996 0 962 939 712 
967 433 752 195 916 807 1113 268 457 365 918 962 0 511 250 
904 944 689 706 405 822 1050 453 110 876 855 939 511 0 355 
717 589 502 351 760 557 863 518 301 521 668 712 250 355 0 

0 447 1540 1145 494 1550 1221 82 1335 1525 563 533 666 1007 22 
447 0 1093 698 451 1103 774 433 888 1078 116 234 723 560 435 
1540 1093 0 395 1046 10 689 1526 205 501 977 1007 874 743 1528 
1145 698 395 0 651 405 758 1131 190 570 582 612 479 812 1133 
494 451 1046 651 0 1056 727 480 841 1031 389 217 272 765 482 
1550 1103 10 405 1056 0 681 1536 215 493 987 1017 884 735 1538 
1221 774 689 758 727 681 0 1207 708 304 658 688 983 214 1209 
82 433 1526 1131 480 1536 1207 0 1321 1511 549 519 652 993 60 
1335 888 205 190 841 215 708 1321 0 520 772 802 669 762 1323 
1525 1078 501 570 1031 493 304 1511 520 0 962 992 859 518 1513 
563 116 977 582 389 987 658 549 772 962 0 172 661 444 551 
533 234 1007 612 217 1017 688 519 802 992 172 0 489 548 521 
666 723 874 479 272 884 983 652 669 859 661 489 0 1037 654 
1007 560 743 812 765 735 214 993 762 518 444 548 1037 0 995 
22 435 1528 1133 482 1538 1209 60 1323 1513 551 521 654 995 0 

0 219 1106 590 444 1005 843 102 240 942 90 1160 302 131 446 
219 0 1325 809 299 834 672 117 157 771 261 989 521 350 227 
1106 1325 0 516 1026 1169 1063 1208 1346 822 1098 834 804 975 1552 
590 809 516 0 510 951 789 692 830 888 582 1106 288 459 1036 
444 299 1026 510 0 561 399 388 430 498 534 716 668 523 526 
1005 834 1169 951 561 0 162 949 991 347 1095 335 1229 1084 909 
843 672 1063 789 399 162 0 787 829 241 933 317 1067 922 747 
102 117 1208 692 388 949 787 0 138 886 146 1104 404 233 344 
240 157 1346 830 430 991 829 138 0 928 248 1146 542 371 206 
942 771 822 888 498 347 241 886 928 0 1032 218 1166 1021 846 
90 261 1098 582 534 1095 933 146 248 1032 0 1250 294 123 454 
1160 989 834 1106 716 335 317 1104 1146 218 1250 0 1384 1239 1064 
302 521 804 288 668 1229 1067 404 542 1166 294 1384 0 171 748 
131 350 975 459 523 1084 922 233 371 1021 123 1239 171 0 577 
446 227 1552 1036 526 909 747 344 206 846 454 1064 748 577 0 

0 736 1157 753 188 214 297 808 486 971 682 624 267 567 552 
736 0 461 115 888 690 959 740 1148 875 918 1054 637 635 574 
1157 461 0 404 1309 943 1126 349 791 414 475 593 890 590 605 
753 115 404 0 905 575 844 625 1033 760 803 939 522 520 459 
188 888 1309 905 0 366 183 960 518 1123 834 776 419 719 704 
214 690 943 575 366 0 269 594 458 757 468 410 53 353 338 
297 959 1126 844 183 269 0 777 335 940 651 593 322 536 521 
808 740 349 625 960 594 777 0 442 163 178 314 541 241 256 
486 1148 791 1033 518 458 335 442 0 605 316 258 511 513 574 
971 875 414 760 1123 757 940 163 605 0 289 347 704 404 419 
682 918 475 803 834 468 651 178 316 289 0 136 415 283 344 
624 1054 593 939 776 410 593 314 258 347 136 0 417 419 480 
267 637 890 522 419 53 322 541 511 704 415 417 0 300 285 
567 635 590 520 719 353 536 241 513 404 283 419 300 0 61 
552 574 605 459 704 338 521 256 574 419 344 480 285 61 0 

0 858 435 580 355 689 275 389 300 290 483 548 225 625 394 
858 0 631 448 1213 169 1057 469 736 824 581 858 795 1483 590 
435 631 0 205 730 548 710 228 735 725 108 375 312 1000 41 
580 448 205 0 935 365 779 191 552 546 133 580 517 1205 218 
355 1213 730 935 0 1044 184 744 477 389 838 639 418 270 717 
689 169 548 365 1044 0 888 320 567 655 498 689 626 1314 507 
275 1057 710 779 184 888 0 588 321 233 682 823 500 426 669 
389 469 228 191 744 320 588 0 507 497 178 389 326 1014 187 
300 736 735 552 477 567 321 507 0 88 685 848 525 747 694 
290 824 725 546 389 655 233 497 88 0 675 838 515 659 684 
483 581 108 133 838 498 682 178 685 675 0 483 420 1108 121 
548 858 375 580 639 689 823 389 848 838 483 0 323 625 362 
225 795 312 517 418 626 500 326 525 515 420 323 0 688 299 
625 1483 1000 1205 270 1314 426 1014 747 659 1108 625 688 0 987 
394 590 41 218 717 507 669 187 694 684 121 362 299 987 0 

0 369 1412 967 1221 1316 506 462 782 692 840 1219 453 1256 1479 
369 0 1115 1336 924 1019 783 199 1053 395 543 922 156 959 1182 
1412 1115 0 685 191 100 906 950 630 720 1058 225 959 208 67 
967 1336 685 0 768 785 553 1137 283 1001 1743 910 1268 527 750 
1221 924 191 768 0 95 715 759 485 529 975 142 768 291 258 
1316 1019 100 785 95 0 810 854 534 624 958 125 863 308 163 
506 783 906 553 715 810 0 584 276 448 1190 713 715 750 973 
462 199 950 1137 759 854 584 0 854 230 606 757 131 794 1017 
782 1053 630 283 485 534 276 854 0 718 1460 627 985 474 697 
692 395 720 1001 529 624 448 230 718 0 742 527 267 564 787 
840 543 1058 1743 975 958 1190 606 1460 742 0 833 475 1266 1047 
1219 922 225 910 142 125 713 757 627 527 833 0 766 433 260 
453 156 959 1268 768 863 715 131 985 267 475 766 0 803 1026 
1256 959 208 527 291 308 750 794 474 564 1266 433 803 0 223 
1479 1182 67 750 258 163 973 1017 697 787 1047 260 1026 223 0 

0 904 233 332 970 1343 1210 583 913 265 380 296 501 138 829 
904 0 715 572 850 439 306 321 793 1131 1284 764 533 1042 107 
233 715 0 143 1203 1154 1021 394 1146 498 569 63 734 327 640 
332 572 143 0 1094 1011 878 275 1037 559 712 192 625 470 497 
970 850 1203 1094 0 689 874 819 181 883 1036 1266 469 1004 957 
1343 439 1154 1011 689 0 185 760 868 1570 1723 1203 972 1481 514 
1210 306 1021 878 874 185 0 627 817 1437 1590 1070 839 1348 381 
583 321 394 275 819 760 627 0 762 810 963 447 350 721 246 
913 793 1146 1037 181 868 817 762 0 702 855 1209 412 947 900 
265 1131 498 559 883 1570 1437 810 702 0 153 561 598 299 1056 
380 1284 569 712 1036 1723 1590 963 855 153 0 520 751 254 1209 
296 764 63 192 1266 1203 1070 447 1209 561 520 0 797 278 689 
501 533 734 625 469 972 839 350 412 598 751 797 0 535 488 
138 1042 327 470 1004 1481 1348 721 947 299 254 278 535 0 967 
829 107 640 497 957 514 381 246 900 1056 1209 689 488 967 0 

0 1056 490 548 715 575 1016 449 443 1160 921 661 456 584 797 
1056 0 1108 1604 693 1231 1158 607 1397 836 571 1431 960 472 259 
490 1108 0 496 415 123 526 581 289 670 811 323 148 636 849 
548 1604 496 0 911 373 492 997 207 768 1307 173 644 1132 1345 
715 693 415 911 0 538 465 806 704 445 396 738 267 733 434 
575 1231 123 373 538 0 441 666 166 585 934 200 271 759 972 
1016 1158 526 492 465 441 0 1107 573 322 861 355 560 1034 899 
449 607 581 997 806 666 1107 0 790 1251 1012 824 547 135 618 
443 1397 289 207 704 166 573 790 0 717 1100 218 437 925 1138 
1160 836 670 768 445 585 322 1251 717 0 539 595 704 1178 633 
921 571 811 1307 396 934 861 1012 1100 539 0 1134 663 939 394 
661 1431 323 173 738 200 355 824 218 595 1134 0 471 959 1172 
456 960 148 644 267 271 560 547 437 704 663 471 0 488 701 
584 472 636 1132 733 759 1034 135 925 1178 939 959 488 0 545 
797 259 849 1345 434 972 899 618 1138 633 394 1172 701 545 0 

0 619 531 458 944 578 698 228 416 1171 1207 450 259 657 379 
619 0 886 951 411 1023 243 761 949 552 588 201 562 52 912 
531 886 0 73 755 1021 965 759 947 1438 1474 685 324 924 910 
458 951 73 0 820 948 1030 686 874 1503 1539 750 389 989 837 
944 411 755 820 0 1434 654 1172 1360 785 719 494 685 359 1323 
578 1023 1021 948 1434 0 780 378 222 649 789 940 749 1075 385 
698 243 965 1030 654 780 0 518 706 473 509 280 641 295 669 
228 761 759 686 1172 378 518 0 188 971 1007 678 487 813 151 
416 949 947 874 1360 222 706 188 0 815 851 866 675 1001 163 
1171 552 1438 1503 785 649 473 971 815 0 140 753 1114 514 978 
1207 588 1474 1539 719 789 509 1007 851 140 0 789 1150 550 1014 
450 201 685 750 494 940 280 678 866 753 789 0 361 239 829 
259 562 324 389 685 749 641 487 675 1114 1150 361 0 600 638 
657 52 924 989 359 1075 295 813 1001 514 550 239 600 0 964 
379 912 910 837 1323 385 669 151 163 978 1014 829 638 964 0 

0 690 688 276 826 666 67 444 886 564 186 382 606 228 396 
690 0 1184 770 136 592 687 1134 616 462 516 1072 84 644 892 
688 1184 0 414 1102 592 621 828 568 1252 874 766 1208 916 292 
276 770 414 0 688 390 273 720 610 838 460 658 794 502 122 
826 136 1102 688 0 510 823 1270 534 598 652 1208 220 780 810 
666 592 592 390 510 0 663 1110 220 660 492 1048 616 620 422 
67 687 621 273 823 663 0 447 883 631 253 385 603 295 329 
444 1134 828 720 1270 1110 447 0 1330 750 618 238 1050 490 688 
886 616 568 610 534 220 883 1330 0 684 712 1268 640 840 642 
564 462 1252 838 598 660 631 750 684 0 378 610 378 336 960 
186 516 874 460 652 492 253 618 712 378 0 556 432 128 582 
382 1072 766 658 1208 1048 385 238 1268 610 556 0 988 428 626 
606 84 1208 794 220 616 603 1050 640 378 432 988 0 560 916 
228 644 916 502 780 620 295 490 840 336 128 428 560 0 624 
396 892 292 122 810 422 329 688 642 960 582 626 916 624 0 

0 1280 682 546 1011 1385 1037 228 1269 1172 1491 373 680 240 664 
1280 0 598 858 473 261 701 1052 471 612 211 907 962 1148 1232 
682 598 0 370 329 703 355 454 587 996 809 459 504 550 634 
546 858 370 0 589 963 673 410 847 626 1069 829 134 306 374 
1011 473 329 589 0 374 228 783 258 1071 480 638 693 879 963 
1385 261 703 963 374 0 440 1157 210 859 106 1012 1067 1253 1337 
1037 701 355 673 228 440 0 809 232 1299 520 664 807 905 989 
228 1052 454 410 783 1157 809 0 1041 1036 1263 419 544 104 528 
1269 471 587 847 258 210 232 1041 0 1069 290 896 951 1137 1221 
1172 612 996 626 1071 859 1299 1036 1069 0 823 1455 492 932 620 
1491 211 809 1069 480 106 520 1263 290 823 0 1118 1173 1359 1443 
373 907 459 829 638 1012 664 419 896 1455 1118 0 963 523 947 
680 962 504 134 693 1067 807 544 951 492 1173 963 0 440 270 
240 1148 550 306 879 1253 905 104 1137 932 1359 523 440 0 424 
664 1232 634 374 963 1337 989 528 1221 620 1443 947 270 424 0 

0 337 858 607 252 1113 533 1210 418 315 783 385 512 1138 1118 
337 0 1195 944 589 940 870 1547 753 80 548 722 677 903 883 
858 1195 0 711 606 1229 325 352 442 1167 1057 473 628 1254 1234 
607 944 711 0 513 518 874 603 1013 916 806 880 267 543 523 
252 589 606 513 0 1031 361 958 500 561 701 367 430 1056 1036 
1113 940 1229 518 1031 0 1392 911 1531 912 802 1398 601 85 319 
533 870 325 874 361 1392 0 677 139 842 1062 148 791 1417 1397 
1210 1547 352 603 958 911 677 0 794 1519 1409 825 870 936 926 
418 753 442 1013 500 1531 139 794 0 733 1201 133 930 1556 1536 
315 80 1167 916 561 912 842 1519 733 0 468 694 649 827 803 
783 548 1057 806 701 802 1062 1409 1201 468 0 1068 539 717 483 
385 722 473 880 367 1398 148 825 133 694 1068 0 797 1423 1403 
512 677 628 267 430 601 791 870 930 649 539 797 0 626 606 
1138 903 1254 543 1056 85 1417 936 1556 827 717 1423 626 0 234 
1118 883 1234 523 1036 319 1397 926 1536 803 483 1403 606 234 0 

0 240 1619 173 592 735 857 254 1600 353 439 1443 781 589 219 
240 0 1451 413 424 567 689 46 1432 185 537 1275 613 421 299 
1619 1451 0 1604 1027 884 762 1497 51 1266 1180 176 838 1030 1400 
173 413 1604 0 753 752 842 427 1585 338 424 1428 766 574 204 
592 424 1027 753 0 143 923 470 1008 519 877 851 479 249 639 
735 567 884 752 143 0 922 613 865 518 876 708 478 248 638 
857 689 762 842 923 922 0 735 743 504 418 586 444 674 638 
254 46 1497 427 470 613 735 0 1478 231 551 1321 659 467 313 
1600 1432 51 1585 1008 865 743 1478 0 1247 1161 157 819 1011 1381 
353 185 1266 338 519 518 504 231 1247 0 358 1090 428 270 134 
439 537 1180 424 877 876 418 551 1161 358 0 1004 398 628 238 
1443 1275 176 1428 851 708 586 1321 157 1090 1004 0 662 854 1224 
781 613 838 766 479 478 444 659 819 428 398 662 0 230 562 
589 421 1030 574 249 248 674 467 1011 270 628 854 230 0 390 
219 299 1400 204 639 638 638 313 1381 134 238 1224 562 390 0 

0 455 821 587 82 918 614 432 635 263 513 939 211 99 1026 
455 0 642 1042 373 739 899 185 970 192 184 760 666 468 847 
821 642 0 1266 875 97 1123 827 1194 784 458 844 1026 920 969 
587 1042 1266 0 669 1235 143 1019 148 850 1100 452 692 586 539 
82 373 875 669 0 972 668 350 689 181 431 993 293 95 1080 
918 739 97 1235 972 0 1092 924 1163 881 555 813 1123 1017 938 
614 899 1123 143 668 1092 0 876 71 707 957 325 819 713 412 
432 185 827 1019 350 924 876 0 947 169 369 945 643 445 1032 
635 970 1194 148 689 1163 71 947 0 778 1028 350 840 734 391 
263 192 784 850 181 881 707 169 778 0 326 902 474 276 989 
513 184 458 1100 431 555 957 369 1028 326 0 678 724 526 803 
939 760 844 452 993 813 325 945 350 902 678 0 1144 1038 125 
211 666 1026 692 293 1123 819 643 840 474 724 1144 0 198 1231 
99 468 920 586 95 1017 713 445 734 276 526 1038 198 0 1125 
1026 847 969 539 1080 938 412 1032 391 989 803 125 1231 1125 0 

0 629 603 223 1280 445 364 688 640 469 656 470 835 272 1173 
629 0 550 406 651 220 677 59 347 788 337 707 516 835 544 
603 550 0 588 1201 504 239 609 203 1072 507 991 232 331 1094 
223 406 588 0 1057 222 349 465 625 484 641 403 820 429 950 
1280 651 1201 1057 0 835 1328 592 998 1197 694 810 1141 1486 119 
445 220 504 222 835 0 493 243 541 568 557 487 736 651 728 
364 677 239 349 1328 493 0 736 330 833 634 752 471 158 1221 
688 59 609 465 592 243 736 0 406 771 354 690 549 894 485 
640 347 203 625 998 541 330 406 0 1109 304 1028 195 488 891 
469 788 1072 484 1197 568 833 771 1109 0 1125 387 1304 741 1090 
656 337 507 641 694 557 634 354 304 1125 0 1044 447 792 679 
470 707 991 403 810 487 752 690 1028 387 1044 0 1223 676 703 
835 516 232 820 1141 736 471 549 195 1304 447 1223 0 563 1034 
272 835 331 429 1486 651 158 894 488 741 792 676 563 0 1379 
1173 544 1094 950 119 728 1221 485 891 1090 679 703 1034 1379 0 

0 934 346 564 262 787 507 599 804 286 580 695 719 720 976 
934 0 974 828 672 339 639 1047 1252 770 796 261 215 594 950 
346 974 0 910 334 1133 547 509 700 632 926 735 987 760 1016 
564 828 910 0 576 571 755 1163 1368 278 32 589 613 710 1066 
262 672 334 576 0 799 245 587 792 298 592 433 653 458 714 
787 339 1133 571 799 0 978 1386 1591 513 539 600 146 933 1289 
507 639 547 755 245 978 0 408 613 477 771 378 832 213 469 
599 1047 509 1163 587 1386 408 0 205 885 1179 786 1240 453 507 
804 1252 700 1368 792 1591 613 205 0 1090 1384 991 1445 658 316 
286 770 632 278 298 513 477 885 1090 0 294 531 555 556 812 
580 796 926 32 592 539 771 1179 1384 294 0 557 581 726 1082 
695 261 735 589 433 600 378 786 991 531 557 0 454 333 689 
719 215 987 613 653 146 832 1240 1445 555 581 454 0 787 1143 
720 594 760 710 458 933 213 453 658 556 726 333 787 0 356 
976 950 1016 1066 714 1289 469 507 316 812 1082 689 1143 356 0 

0 199 457 526 610 189 1053 627 518 584 830 482 400 522 523 
199 0 656 327 809 324 1252 428 717 385 1029 681 599 447 722 
457 656 0 983 411 332 596 1084 305 1041 587 59 251 401 410 
526 327 983 0 1136 651 1579 101 1044 68 1356 1008 926 720 1049 
610 809 411 1136 0 485 737 1237 716 1194 998 470 210 416 821 
189 324 332 651 485 0 928 752 393 709 705 357 275 333 478 
1053 1252 596 1579 737 928 0 1680 535 1637 261 571 653 859 530 
627 428 1084 101 1237 752 1680 0 1145 95 1457 1109 1027 821 1150 
518 717 305 1044 716 393 535 1145 0 1102 312 246 556 706 105 
584 385 1041 68 1194 709 1637 95 1102 0 1414 1066 984 778 1107 
830 1029 587 1356 998 705 261 1457 312 1414 0 528 838 988 307 
482 681 59 1008 470 357 571 1109 246 1066 528 0 310 460 351 
400 599 251 926 210 275 653 1027 556 984 838 310 0 206 661 
522 447 401 720 416 333 859 821 706 778 988 460 206 0 811 
523 722 410 1049 821 478 530 1150 105 1107 307 351 661 811 0 

0 939 431 466 966 674 852 774 290 1147 807 556 727 128 423 
939 0 508 577 241 577 741 183 775 208 132 383 616 1053 1022 
431 508 0 279 535 861 1039 481 477 716 376 449 914 545 610 
466 577 279 0 570 1140 1318 760 756 751 637 728 1193 594 889 
966 241 535 570 0 804 982 424 802 227 301 410 857 1080 1049 
674 577 861 1140 804 0 178 412 384 785 503 412 193 546 445 
852 741 1039 1318 982 178 0 558 562 785 681 590 193 724 445 
774 183 481 760 424 412 558 0 610 373 123 218 433 888 857 
290 775 477 756 802 384 562 610 0 983 643 392 437 278 247 
1147 208 716 751 227 785 785 373 983 0 340 591 630 1261 1230 
807 132 376 637 301 503 681 123 643 340 0 251 556 921 890 
556 383 449 728 410 412 590 218 392 591 251 0 465 670 639 
727 616 914 1193 857 193 193 433 437 630 556 465 0 669 638 
128 1053 545 594 1080 546 724 888 278 1261 921 670 669 0 295 
423 1022 610 889 1049 445 445 857 247 1230 890 639 638 295 0 

0 471 661 39 300 434 236 1124 640 755 535 932 697 926 419 
471 0 782 462 617 271 707 1595 1111 698 1006 939 1014 861 890 
661 782 0 622 961 511 533 813 769 94 490 271 1358 265 1060 
39 462 622 0 339 395 245 1133 649 716 544 893 736 887 438 
300 617 961 339 0 734 428 1242 758 1055 653 1232 405 1226 537 
434 271 511 395 734 0 436 1324 840 427 735 668 1131 590 833 
236 707 533 245 428 436 0 888 404 627 299 804 825 798 527 
1124 1595 813 1133 1242 1324 888 0 532 897 589 656 1121 734 823 
640 1111 769 649 758 840 404 532 0 863 279 1040 589 1034 291 
755 698 94 716 1055 427 627 897 863 0 584 241 1452 171 1154 
535 1006 490 544 653 735 299 589 279 584 0 761 868 755 570 
932 939 271 893 1232 668 804 656 1040 241 761 0 1629 78 1331 
697 1014 1358 736 405 1131 825 1121 589 1452 868 1629 0 1623 298 
926 861 265 887 1226 590 798 734 1034 171 755 78 1623 0 1325 
419 890 1060 438 537 833 527 823 291 1154 570 1331 298 1325 0 

0 642 461 804 681 514 393 242 772 507 375 636 224 550 245 
642 0 915 642 501 1156 391 830 1414 639 1017 464 658 1192 769 
461 915 0 343 954 263 524 703 499 938 278 909 257 493 706 
804 642 343 0 1143 606 411 1046 772 1281 621 1106 580 836 1049 
681 501 954 1143 0 1195 732 869 1453 174 1056 45 697 1231 808 
514 1156 263 606 1195 0 765 440 258 1021 139 1150 498 230 443 
393 391 524 411 732 765 0 635 1023 870 626 695 267 801 638 
242 830 703 1046 869 440 635 0 584 695 425 824 466 362 61 
772 1414 499 772 1453 258 1023 584 0 1279 397 1408 756 222 645 
507 639 938 1281 174 1021 870 695 1279 0 882 175 701 1057 634 
375 1017 278 621 1056 139 626 425 397 882 0 1011 359 215 428 
636 464 909 1106 45 1150 695 824 1408 175 1011 0 652 1186 763 
224 658 257 580 697 498 267 466 756 701 359 652 0 534 469 
550 1192 493 836 1231 230 801 362 222 1057 215 1186 534 0 423 
245 769 706 1049 808 443 638 61 645 634 428 763 469 423 0 

0 440 457 211 269 26 325 768 71 633 270 417 488 776 458 
440 0 897 651 511 460 363 1208 485 249 710 601 914 1216 898 
457 897 0 322 386 437 782 311 528 648 187 296 629 455 29 
211 651 322 0 450 191 536 557 282 814 321 598 307 777 351 
269 511 386 450 0 295 396 697 334 364 199 148 757 705 387 
26 460 437 191 295 0 345 748 91 659 250 443 462 756 438 
325 363 782 536 396 345 0 1093 254 576 595 486 799 1101 783 
768 1208 311 557 697 748 1093 0 839 959 498 607 658 426 310 
71 485 528 282 334 91 254 839 0 698 341 482 545 847 529 
633 249 648 814 364 659 576 959 698 0 493 352 1121 967 649 
270 710 187 321 199 250 595 498 341 493 0 277 628 506 188 
417 601 296 598 148 443 486 607 482 352 277 0 905 615 297 
488 914 629 307 757 462 799 658 545 1121 628 905 0 1084 658 
776 1216 455 777 705 756 1101 426 847 967 506 615 1084 0 426 
458 898 29 351 387 438 783 310 529 649 188 297 658 426 0 

0 547 49 1194 956 1076 530 705 822 880 977 1530 886 1553 827 
547 0 500 647 409 617 201 614 997 963 852 983 1017 1006 358 
49 500 0 1147 909 1029 483 658 871 837 930 1483 891 1506 780 
1194 647 1147 0 416 626 664 623 1006 972 861 336 1026 389 367 
956 409 909 416 0 210 608 251 590 556 445 574 610 597 129 
1076 617 1029 626 210 0 818 371 380 346 235 454 400 477 259 
530 201 483 664 608 818 0 815 1198 1164 1053 1000 1218 1023 559 
705 614 658 623 251 371 815 0 383 349 272 825 403 848 256 
822 997 871 1006 590 380 1198 383 0 104 201 754 110 777 639 
880 963 837 972 556 346 1164 349 104 0 111 690 54 673 605 
977 852 930 861 445 235 1053 272 201 111 0 579 165 576 494 
1530 983 1483 336 574 454 1000 825 754 690 579 0 744 107 703 
886 1017 891 1026 610 400 1218 403 110 54 165 744 0 667 659 
1553 1006 1506 389 597 477 1023 848 777 673 576 107 667 0 726 
827 358 780 367 129 259 559 256 639 605 494 703 659 726 0 

0 558 1097 497 582 513 587 522 773 1439 814 479 515 1454 1134 
558 0 669 1055 228 1065 165 628 917 911 662 131 1073 918 762 
1097 669 0 1306 515 584 510 575 324 342 283 670 1310 357 93 
497 1055 1306 0 827 722 890 731 982 1648 1023 976 18 1663 1343 
582 228 515 827 0 837 63 400 689 857 434 155 845 872 552 
513 1065 584 722 837 0 900 437 260 926 403 986 726 941 621 
587 165 510 890 63 900 0 463 752 852 497 160 908 867 597 
522 628 575 731 400 437 463 0 289 917 292 549 735 932 612 
773 917 324 982 689 260 752 289 0 666 255 838 986 681 361 
