0 26 49 107 65 65 8 125 69 127 125 89 60 106 17 
26 0 25 81 39 39 28 99 79 101 99 99 70 116 27 
49 25 0 58 30 16 51 76 54 78 76 74 45 91 48 
107 81 58 0 42 42 109 18 68 20 28 88 75 105 106 
65 39 30 42 0 36 67 60 84 62 60 104 75 121 64 
65 39 16 42 36 0 67 60 48 62 60 68 39 85 64 
8 28 51 109 67 67 0 127 77 129 127 97 68 114 25 
125 99 76 18 60 60 127 0 72 16 24 92 93 109 124 
69 79 54 68 84 48 77 72 0 88 96 24 29 37 60 
127 101 78 20 62 62 129 16 88 0 8 108 95 125 126 
125 99 76 28 60 60 127 24 96 8 0 116 93 133 124 
89 99 74 88 104 68 97 92 24 108 116 0 53 21 84 
60 70 45 75 75 39 68 93 29 95 93 53 0 46 43 
106 116 91 105 121 85 114 109 37 125 133 21 46 0 89 
17 27 48 106 64 64 25 124 60 126 124 84 43 89 0 

0 66 31 45 107 131 57 15 70 13 102 75 57 71 135 
66 0 35 43 83 83 91 61 50 67 42 123 29 95 79 
31 35 0 14 76 100 56 26 39 32 71 88 26 60 104 
45 43 14 0 62 86 48 30 25 46 57 80 14 52 90 
107 83 76 62 0 24 50 92 37 108 41 78 54 36 28 
131 83 100 86 24 0 74 116 61 132 41 102 74 60 4 
57 91 56 48 50 74 0 42 41 58 49 32 62 14 78 
15 61 26 30 92 116 42 0 55 26 87 62 42 56 120 
70 50 39 25 37 61 41 55 0 71 32 73 21 45 65 
13 67 32 46 108 132 58 26 71 0 103 88 58 72 136 
102 42 71 57 41 41 49 87 32 103 0 81 45 53 37 
75 123 88 80 78 102 32 62 73 88 81 0 94 42 106 
57 29 26 14 54 74 62 42 21 58 45 94 0 66 78 
71 95 60 52 36 60 14 56 45 72 53 42 66 0 64 
135 79 104 90 28 4 78 120 65 136 37 106 78 64 0 

0 64 67 85 126 66 94 126 102 117 50 76 167 161 10 
64 0 3 21 62 4 94 62 104 53 34 94 103 97 74 
67 3 0 18 63 3 95 59 105 50 35 95 100 94 77 
85 21 18 0 69 19 101 49 111 54 41 101 82 76 95 
126 62 63 69 0 66 32 20 42 15 76 50 41 35 136 
66 4 3 19 66 0 98 60 108 51 38 98 101 95 76 
94 94 95 101 32 98 0 52 10 47 60 18 73 67 104 
126 62 59 49 20 60 52 0 62 9 76 52 41 35 136 
102 104 105 111 42 108 10 62 0 57 70 26 65 59 112 
117 53 50 54 15 51 47 9 57 0 67 47 50 44 127 
50 34 35 41 76 38 60 76 70 67 0 60 117 111 60 
76 94 95 101 50 98 18 52 26 47 60 0 91 85 86 
167 103 100 82 41 101 73 41 65 50 117 91 0 8 177 
161 97 94 76 35 95 67 35 59 44 111 85 8 0 171 
10 74 77 95 136 76 104 136 112 127 60 86 177 171 0 

0 138 98 55 5 32 101 86 109 118 30 111 49 70 133 
138 0 40 101 139 106 37 52 89 56 108 27 89 68 71 
98 40 0 61 99 66 3 12 57 24 68 23 49 34 39 
55 101 61 0 50 69 64 55 114 81 83 74 36 91 96 
5 139 99 50 0 33 102 87 110 119 33 112 50 71 134 
32 106 66 69 33 0 69 54 77 86 14 79 33 38 101 
101 37 3 64 102 69 0 15 60 27 71 20 52 37 42 
86 52 12 55 87 54 15 0 59 32 56 25 37 36 47 
109 89 57 114 110 77 60 59 0 33 79 80 78 39 24 
118 56 24 81 119 86 27 32 33 0 88 47 69 48 15 
30 108 68 83 33 14 71 56 79 88 0 81 47 40 103 
111 27 23 74 112 79 20 25 80 47 81 0 62 57 62 
49 89 49 36 50 33 52 37 78 69 47 62 0 55 84 
70 68 34 91 71 38 37 36 39 48 40 57 55 0 63 
133 71 39 96 134 101 42 47 24 15 103 62 84 63 0 

0 5 88 80 90 117 125 78 50 42 157 117 55 9 33 
5 0 89 81 91 118 126 79 51 37 158 118 56 10 34 
88 89 0 118 130 99 115 76 90 56 81 139 93 97 77 
80 81 118 0 12 37 45 42 30 80 77 37 25 89 47 
90 91 130 12 0 31 35 54 40 92 67 27 37 99 57 
117 118 99 37 31 0 16 39 67 85 40 40 62 126 84 
125 126 115 45 35 16 0 47 75 93 34 24 70 134 92 
78 79 76 42 54 39 47 0 28 46 79 63 23 87 45 
50 51 90 30 40 67 75 28 0 52 107 67 5 59 17 
42 37 56 80 92 85 93 46 52 0 125 101 55 47 39 
157 158 81 77 67 40 34 79 107 125 0 58 102 166 124 
117 118 139 37 27 40 24 63 67 101 58 0 62 126 84 
55 56 93 25 37 62 70 23 5 55 102 62 0 64 22 
9 10 97 89 99 126 134 87 59 47 166 126 64 0 42 
33 34 77 47 57 84 92 45 17 39 124 84 22 42 0 

0 94 93 124 108 139 25 128 113 28 147 33 141 80 87 
94 0 163 150 180 125 93 150 85 96 79 61 61 168 51 
93 163 0 31 17 46 70 35 78 67 84 102 102 13 112 
124 150 31 0 30 25 99 4 65 96 71 91 89 44 99 
108 180 17 30 0 55 87 30 95 84 101 119 119 28 129 
139 125 46 25 55 0 114 25 40 111 46 106 64 59 74 
25 93 70 99 87 114 0 103 88 3 122 32 116 75 62 
128 150 35 4 30 25 103 0 65 100 71 95 89 48 99 
113 85 78 65 95 40 88 65 0 85 34 80 28 83 34 
28 96 67 96 84 111 3 100 85 0 119 35 113 72 59 
147 79 84 71 101 46 122 71 34 119 0 114 18 89 60 
33 61 102 91 119 106 32 95 80 35 114 0 108 107 54 
141 61 102 89 119 64 116 89 28 113 18 108 0 107 54 
80 168 13 44 28 59 75 48 83 72 89 107 107 0 117 
87 51 112 99 129 74 62 99 34 59 60 54 54 117 0 

0 86 64 95 78 82 95 78 66 99 101 61 133 31 95 
86 0 54 97 44 102 17 104 66 55 49 111 47 81 111 
64 54 0 43 14 48 71 50 12 35 37 57 69 49 57 
95 97 43 0 53 13 114 17 31 42 48 64 64 80 14 
78 44 14 53 0 58 61 60 22 21 23 67 55 63 67 
82 102 48 13 58 0 119 4 36 47 53 51 69 67 13 
95 17 71 114 61 119 0 121 83 72 66 128 50 98 128 
78 104 50 17 60 4 121 0 38 49 55 47 71 63 17 
66 66 12 31 22 36 83 38 0 33 35 45 67 51 45 
99 55 35 42 21 47 72 49 33 0 6 68 34 84 56 
101 49 37 48 23 53 66 55 35 6 0 70 32 86 62 
61 111 57 64 67 51 128 47 45 68 70 0 102 30 64 
133 47 69 64 55 69 50 71 67 34 32 102 0 118 78 
31 81 49 80 63 67 98 63 51 84 86 30 118 0 80 
95 111 57 14 67 13 128 17 45 56 62 64 78 80 0 

0 62 67 7 32 13 68 13 57 42 79 71 34 15 35 
62 0 45 67 42 57 82 71 47 20 93 85 96 77 27 
67 45 0 72 47 62 127 76 92 29 138 130 101 82 46 
7 67 72 0 25 10 75 6 62 47 86 78 29 10 40 
32 42 47 25 0 19 100 29 65 22 111 103 54 35 19 
13 57 62 10 19 0 81 14 52 37 92 84 39 20 30 
68 82 127 75 100 81 0 81 53 98 11 39 52 71 81 
13 71 76 6 29 14 81 0 66 51 92 84 29 10 44 
57 47 92 62 65 52 53 66 0 63 46 38 91 72 46 
42 20 29 47 22 37 98 51 63 0 109 101 76 57 17 
79 93 138 86 111 92 11 92 46 109 0 32 63 82 92 
71 85 130 78 103 84 39 84 38 101 32 0 77 74 84 
34 96 101 29 54 39 52 29 91 76 63 77 0 19 69 
15 77 82 10 35 20 71 10 72 57 82 74 19 0 50 
35 27 46 40 19 30 81 44 46 17 92 84 69 50 0 

0 76 105 96 84 26 72 32 64 132 68 115 102 89 26 
76 0 95 86 74 102 62 62 94 122 58 105 64 79 62 
105 95 0 29 55 83 41 73 41 33 49 22 95 16 79 
96 86 29 0 26 74 24 64 54 36 28 19 66 27 70 
84 74 55 26 0 88 14 52 80 48 16 33 40 53 58 
26 102 83 74 88 0 74 40 42 110 82 93 128 67 40 
72 62 41 24 14 74 0 40 66 60 8 43 54 39 46 
32 62 73 64 52 40 40 0 32 100 42 83 88 57 6 
64 94 41 54 80 42 66 32 0 68 74 51 120 27 38 
132 122 33 36 48 110 60 100 68 0 64 17 62 43 106 
68 58 49 28 16 82 8 42 74 64 0 47 46 47 42 
115 105 22 19 33 93 43 83 51 17 47 0 73 26 89 
102 64 95 66 40 128 54 88 120 62 46 73 0 93 88 
89 79 16 27 53 67 39 57 27 43 47 26 93 0 63 
26 62 79 70 58 40 46 6 38 106 42 89 88 63 0 

0 35 82 134 19 67 84 54 34 124 24 43 63 94 80 
35 0 63 115 28 102 99 43 69 105 47 24 58 81 115 
82 63 0 52 63 95 92 36 62 48 106 39 51 74 108 
134 115 52 0 115 129 54 80 108 10 158 91 71 40 80 
19 28 63 115 0 74 71 35 41 105 43 36 44 75 87 
67 102 95 129 74 0 79 59 33 119 55 110 58 89 49 
84 99 92 54 71 79 0 56 58 44 108 107 41 18 30 
54 43 36 80 35 59 56 0 28 70 78 51 15 40 72 
34 69 62 108 41 33 58 28 0 98 50 77 37 68 46 
124 105 48 10 105 119 44 70 98 0 148 81 61 30 70 
24 47 106 158 43 55 108 78 50 148 0 67 87 118 78 
43 24 39 91 36 110 107 51 77 81 67 0 66 89 123 
63 58 51 71 44 58 41 15 37 61 87 66 0 31 57 
94 81 74 40 75 89 18 40 68 30 118 89 31 0 40 
80 115 108 80 87 49 30 72 46 70 78 123 57 40 0 

0 89 29 53 9 16 53 92 28 36 31 48 66 44 70 
89 0 84 122 80 79 70 107 83 53 120 63 127 45 159 
29 84 0 38 20 13 82 121 57 63 36 21 95 39 75 
53 122 38 0 44 43 106 145 81 87 34 59 119 77 61 
9 80 20 44 0 7 62 101 37 43 40 39 75 35 79 
16 79 13 43 7 0 69 108 44 50 41 32 82 34 80 
53 70 82 106 62 69 0 39 25 19 72 101 57 47 89 
92 107 121 145 101 108 39 0 64 58 111 140 26 86 84 
28 83 57 81 37 44 25 64 0 30 47 76 44 38 76 
36 53 63 87 43 50 19 58 30 0 67 82 74 28 106 
31 120 36 34 40 41 72 111 47 67 0 57 85 75 39 
48 63 21 59 39 32 101 140 76 82 57 0 114 54 96 
66 127 95 119 75 82 57 26 44 74 85 114 0 82 58 
44 45 39 77 35 34 47 86 38 28 75 54 82 0 114 
70 159 75 61 79 80 89 84 76 106 39 96 58 114 0 

0 69 55 61 25 48 85 39 69 136 111 53 48 39 11 
69 0 50 34 84 69 72 40 40 67 106 58 101 40 60 
55 50 0 16 70 55 30 26 90 81 56 108 87 90 66 
61 34 16 0 76 61 38 32 74 75 72 92 93 74 52 
25 84 70 76 0 23 100 44 84 151 86 78 23 60 36 
48 69 55 61 23 0 85 29 83 136 63 101 32 83 59 
85 72 30 38 100 85 0 56 112 51 52 130 117 112 88 
39 40 26 32 44 29 56 0 74 107 72 92 61 74 50 
69 40 90 74 84 83 112 74 0 67 146 42 101 30 60 
136 67 81 75 151 136 51 107 67 0 103 109 168 97 127 
111 106 56 72 86 63 52 72 146 103 0 164 65 146 122 
53 58 108 92 78 101 130 92 42 109 164 0 101 18 42 
48 101 87 93 23 32 117 61 101 168 65 101 0 83 59 
39 40 90 74 60 83 112 74 30 97 146 18 83 0 30 
11 60 66 52 36 59 88 50 60 127 122 42 59 30 0 

0 83 29 95 92 45 36 90 34 69 50 49 49 95 13 
83 0 112 34 61 128 67 33 117 92 81 70 80 12 84 
29 112 0 124 113 46 47 119 51 90 55 70 42 124 28 
95 34 124 0 95 140 77 5 129 104 69 82 82 30 96 
92 61 113 95 0 87 128 94 76 51 142 43 141 65 105 
45 128 46 140 87 0 63 135 11 44 75 58 74 140 44 
36 67 47 77 128 63 0 72 66 105 14 85 13 77 23 
90 33 119 5 94 135 72 0 124 99 64 77 77 29 91 
34 117 51 129 76 11 66 124 0 39 80 47 79 129 43 
69 92 90 104 51 44 105 99 39 0 119 22 118 104 82 
50 81 55 69 142 75 14 64 80 119 0 99 13 77 37 
49 70 70 82 43 58 85 77 47 22 99 0 98 82 62 
49 80 42 82 141 74 13 77 79 118 13 98 0 82 36 
95 12 124 30 65 140 77 29 129 104 77 82 82 0 96 
13 84 28 96 105 44 23 91 43 82 37 62 36 96 0 

0 66 70 33 34 58 75 19 90 32 20 67 45 84 17 
66 0 96 59 32 74 9 69 116 80 46 25 25 110 83 
70 96 0 41 102 76 93 89 36 38 54 85 71 14 75 
33 59 41 0 65 35 52 52 57 37 17 44 34 51 40 
34 32 102 65 0 80 41 37 122 64 48 33 31 116 51 
58 74 76 35 80 0 67 67 42 72 38 49 49 64 75 
75 9 93 52 41 67 0 78 109 89 55 18 30 103 92 
19 69 89 52 37 67 78 0 109 51 35 70 48 103 14 
90 116 36 57 122 42 109 109 0 58 74 91 91 24 95 
32 80 38 37 64 72 89 51 58 0 34 81 59 52 37 
20 46 54 17 48 38 55 35 74 34 0 47 25 68 37 
67 25 85 44 33 49 18 70 91 81 47 0 22 85 84 
45 25 71 34 31 49 30 48 91 59 25 22 0 85 62 
84 110 14 51 116 64 103 103 24 52 68 85 85 0 89 
17 83 75 40 51 75 92 14 95 37 37 84 62 89 0 

0 47 64 28 24 107 98 57 87 10 74 28 80 96 35 
47 0 39 63 35 68 59 30 48 45 35 37 33 57 46 
64 39 0 88 60 47 58 55 77 54 30 36 72 32 29 
28 63 88 0 28 131 122 33 111 34 98 52 52 120 59 
24 35 60 28 0 103 94 33 83 22 70 24 56 92 31 
107 68 47 131 103 0 11 98 30 97 33 79 89 35 72 
98 59 58 122 94 11 0 89 19 88 28 70 80 46 65 
57 30 55 33 33 98 89 0 78 55 65 47 23 87 56 
87 48 77 111 83 30 19 78 0 83 47 75 69 65 84 
10 45 54 34 22 97 88 55 83 0 64 18 78 86 25 
74 35 30 98 70 33 28 65 47 64 0 46 56 22 39 
28 37 36 52 24 79 70 47 75 18 46 0 70 68 9 
80 33 72 52 56 89 80 23 69 78 56 70 0 78 79 
96 57 32 120 92 35 46 87 65 86 22 68 78 0 61 
35 46 29 59 31 72 65 56 84 25 39 9 79 61 0 

0 17 67 113 78 81 88 130 90 59 81 46 44 25 77 
17 0 52 98 63 64 71 113 73 74 66 31 29 40 60 
67 52 0 46 43 50 57 99 59 126 20 31 39 92 46 
113 98 46 0 35 82 93 101 81 172 32 67 69 138 78 
78 63 43 35 0 47 58 66 46 137 63 74 82 103 43 
81 64 50 82 47 0 11 49 9 90 70 81 89 72 4 
88 71 57 93 58 11 0 42 12 79 77 88 96 79 15 
130 113 99 101 66 49 42 0 40 77 119 130 138 121 53 
90 73 59 81 46 9 12 40 0 91 79 90 98 81 13 
59 74 126 172 137 90 79 77 91 0 140 105 103 44 94 
81 66 20 32 63 70 77 119 79 140 0 35 37 106 66 
46 31 31 67 74 81 88 130 90 105 35 0 8 71 77 
44 29 39 69 82 89 96 138 98 103 37 8 0 69 85 
25 40 92 138 103 72 79 121 81 44 106 71 69 0 68 
77 60 46 78 43 4 15 53 13 94 66 77 85 68 0 

0 56 92 112 84 123 97 96 77 75 105 28 135 92 43 
56 0 46 106 28 67 131 126 31 19 59 40 79 138 35 
92 46 0 60 32 31 85 80 15 65 13 76 43 92 49 
112 106 60 0 92 47 25 20 75 125 47 96 49 32 71 
84 28 32 92 0 45 117 112 17 33 45 68 51 124 41 
123 67 31 47 45 0 72 67 46 78 18 107 12 79 80 
97 131 85 25 117 72 0 5 100 150 72 103 74 7 96 
96 126 80 20 112 67 5 0 95 145 67 98 69 12 91 
77 31 15 75 17 46 100 95 0 50 28 61 58 107 34 
75 19 65 125 33 78 150 145 50 0 78 51 76 157 54 
105 59 13 47 45 18 72 67 28 78 0 89 30 79 62 
28 40 76 96 68 107 103 98 61 51 89 0 119 110 27 
135 79 43 49 51 12 74 69 58 76 30 119 0 81 92 
92 138 92 32 124 79 7 12 107 157 79 110 81 0 103 
43 35 49 71 41 80 96 91 34 54 62 27 92 103 0 

0 45 48 52 82 64 61 33 40 65 26 51 80 54 52 
45 0 43 17 127 109 32 78 85 26 49 96 65 47 97 
48 43 0 50 130 112 59 81 88 17 52 99 78 52 100 
52 17 50 0 110 92 15 61 68 37 32 83 48 30 80 
82 127 130 110 0 18 95 49 42 147 78 45 66 80 30 
64 109 112 92 18 0 77 31 24 129 60 31 80 62 32 
61 32 59 15 95 77 0 50 63 52 35 92 33 15 65 
33 78 81 61 49 31 50 0 13 98 29 42 69 43 21 
40 85 88 68 42 24 63 13 0 105 36 29 82 56 34 
65 26 17 37 147 129 52 98 105 0 69 116 85 67 117 
26 49 52 32 78 60 35 29 36 69 0 57 54 28 48 
51 96 99 83 45 31 92 42 29 116 57 0 111 85 63 
80 65 78 48 66 80 33 69 82 85 54 111 0 26 48 
54 47 52 30 80 62 15 43 56 67 28 85 26 0 50 
52 97 100 80 30 32 65 21 34 117 48 63 48 50 0 

0 48 49 95 81 53 10 56 44 27 110 51 86 56 58 
48 0 79 53 39 67 48 82 46 69 68 27 44 54 100 
49 79 0 132 118 90 49 93 33 40 147 88 123 25 23 
95 53 132 0 16 76 85 91 99 122 15 44 13 107 153 
81 39 118 16 0 92 73 107 85 108 29 52 29 93 139 
53 67 90 76 92 0 43 15 63 80 71 40 63 75 111 
10 48 49 85 73 43 0 46 44 37 100 41 76 56 68 
56 82 93 91 107 15 46 0 78 83 86 55 78 90 114 
44 46 33 99 85 63 44 78 0 35 114 55 90 12 54 
27 69 40 122 108 80 37 83 35 0 137 78 113 47 31 
110 68 147 15 29 71 100 86 114 137 0 59 24 122 168 
51 27 88 44 52 40 41 55 55 78 59 0 35 63 109 
86 44 123 13 29 63 76 78 90 113 24 35 0 98 144 
56 54 25 107 93 75 56 90 12 47 122 63 98 0 46 
58 100 23 153 139 111 68 114 54 31 168 109 144 46 0 

0 28 52 53 41 32 82 68 62 59 64 62 114 18 57 
28 0 32 25 13 60 54 48 34 47 58 48 86 42 31 
52 32 0 7 25 78 66 26 48 65 90 80 68 60 63 
53 25 7 0 18 85 59 33 41 72 83 73 61 67 56 
41 13 25 18 0 73 41 41 23 60 65 55 73 55 38 
32 60 78 85 73 0 114 52 94 31 96 94 146 18 89 
82 54 66 59 41 114 0 82 20 101 24 20 52 96 25 
68 48 26 33 41 52 82 0 64 39 106 96 94 50 79 
62 34 48 41 23 94 20 64 0 81 42 32 52 76 15 
59 47 65 72 60 31 101 39 81 0 97 87 133 41 76 
64 58 90 83 65 96 24 106 42 97 0 10 76 78 27 
62 48 80 73 55 94 20 96 32 87 10 0 66 76 17 
114 86 68 61 73 146 52 94 52 133 76 66 0 128 57 
18 42 60 67 55 18 96 50 76 41 78 76 128 0 71 
57 31 63 56 38 89 25 79 15 76 27 17 57 71 0 

0 88 71 116 49 95 28 114 25 63 129 66 171 46 38 
88 0 77 28 47 21 60 30 73 93 41 78 83 42 50 
71 77 0 83 30 98 73 107 72 16 66 5 100 43 73 
116 28 83 0 67 21 88 24 101 99 17 84 55 70 78 
49 47 30 67 0 68 43 77 42 46 80 31 122 13 43 
95 21 98 21 68 0 67 19 80 114 34 99 76 55 57 
28 60 73 88 43 67 0 86 13 89 101 74 143 30 10 
114 30 107 24 77 19 86 0 99 123 41 108 61 68 76 
25 73 72 101 42 80 13 99 0 88 114 73 156 31 23 
63 93 16 99 46 114 89 123 88 0 82 15 116 59 89 
129 41 66 17 80 34 101 41 114 82 0 67 42 83 91 
66 78 5 84 31 99 74 108 73 15 67 0 105 44 74 
171 83 100 55 122 76 143 61 156 116 42 105 0 125 133 
46 42 43 70 13 55 30 68 31 59 83 44 125 0 30 
38 50 73 78 43 57 10 76 23 89 91 74 133 30 0 

0 8 90 44 106 44 14 104 72 34 29 36 36 104 98 
8 0 98 52 114 42 16 102 70 32 31 34 42 112 106 
90 98 0 46 54 88 88 140 108 80 69 94 56 88 8 
44 52 46 0 62 62 42 122 90 52 23 54 18 70 54 
106 114 54 62 0 104 104 86 86 96 85 110 72 34 58 
44 42 88 62 104 0 58 64 28 10 73 8 80 102 96 
14 16 88 42 104 58 0 118 86 48 19 50 32 102 96 
104 102 140 122 86 64 118 0 46 70 133 70 140 52 144 
72 70 108 90 86 28 86 46 0 38 101 36 108 84 112 
34 32 80 52 96 10 48 70 38 0 63 14 70 94 88 
29 31 69 23 85 73 19 133 101 63 0 65 13 83 77 
36 34 94 54 110 8 50 70 36 14 65 0 72 108 102 
36 42 56 18 72 80 32 140 108 70 13 72 0 88 64 
104 112 88 70 34 102 102 52 84 94 83 108 88 0 92 
98 106 8 54 58 96 96 144 112 88 77 102 64 92 0 

0 58 63 84 98 61 55 64 15 59 39 43 79 74 19 
58 0 97 142 114 71 59 88 43 3 97 59 137 90 77 
63 97 0 47 35 26 38 9 68 98 52 38 60 11 46 
84 142 47 0 82 71 83 54 99 143 45 83 13 58 65 
98 114 35 82 0 43 55 34 103 115 87 55 95 24 81 
61 71 26 71 43 0 12 17 66 72 50 18 66 19 44 
55 59 38 83 55 12 0 29 60 60 44 12 78 31 38 
64 88 9 54 34 17 29 0 69 89 53 29 61 10 47 
15 43 68 99 103 66 60 69 0 44 54 48 94 79 34 
59 3 98 143 115 72 60 89 44 0 98 60 138 91 78 
39 97 52 45 87 50 44 53 54 98 0 38 40 63 20 
43 59 38 83 55 18 12 29 48 60 38 0 78 31 26 
79 137 60 13 95 66 78 61 94 138 40 78 0 71 60 
74 90 11 58 24 19 31 10 79 91 63 31 71 0 57 
19 77 46 65 81 44 38 47 34 78 20 26 60 57 0 

0 40 59 35 52 73 58 31 35 51 99 17 50 80 43 
40 0 71 47 92 113 72 43 63 91 139 29 90 120 81 
59 71 0 32 45 66 25 28 94 88 92 42 69 73 34 
35 47 32 0 77 98 57 24 70 76 124 18 75 105 66 
52 92 45 77 0 25 40 53 53 47 47 63 28 28 25 
73 113 66 98 25 0 65 74 50 22 26 84 23 35 50 
58 72 25 57 40 65 0 33 93 87 67 43 68 48 15 
31 43 28 24 53 74 33 0 66 60 100 14 51 81 42 
35 63 94 70 53 50 93 66 0 28 76 52 27 63 78 
51 91 88 76 47 22 87 60 28 0 48 62 19 57 72 
99 139 92 124 47 26 67 100 76 48 0 110 49 33 58 
17 29 42 18 63 84 43 14 52 62 110 0 61 91 52 
50 90 69 75 28 23 68 51 27 19 49 61 0 38 53 
80 120 73 105 28 35 48 81 63 57 33 91 38 0 39 
43 81 34 66 25 50 15 42 78 72 58 52 53 39 0 

0 34 70 99 85 57 92 66 96 95 137 91 88 45 137 
34 0 36 65 51 59 58 32 62 65 103 61 54 53 103 
70 36 0 29 57 25 22 10 76 99 67 95 18 89 67 
99 65 29 0 74 42 23 33 93 116 38 112 11 118 38 
85 51 57 74 0 82 51 47 19 42 52 38 65 104 52 
57 59 25 42 82 0 35 35 101 124 80 120 31 76 80 
92 58 22 23 51 35 0 26 70 93 45 89 14 111 45 
66 32 10 33 47 35 26 0 66 89 71 85 22 85 71 
96 62 76 93 19 101 70 66 0 23 67 39 84 115 65 
95 65 99 116 42 124 93 89 23 0 90 22 107 98 88 
137 103 67 38 52 80 45 71 67 90 0 86 49 156 2 
91 61 95 112 38 120 89 85 39 22 86 0 103 76 84 
88 54 18 11 65 31 14 22 84 107 49 103 0 107 49 
45 53 89 118 104 76 111 85 115 98 156 76 107 0 156 
137 103 67 38 52 80 45 71 65 88 2 84 49 156 0 

0 32 51 64 44 97 46 42 120 74 74 103 67 54 18 
32 0 35 96 76 81 22 70 104 106 106 87 99 86 34 
51 35 0 113 93 46 13 87 69 123 123 76 116 103 69 
64 96 113 0 28 87 110 32 110 54 58 93 21 10 74 
44 76 93 28 0 115 90 60 138 82 86 121 49 20 54 
97 81 46 87 115 0 59 55 23 81 81 34 74 95 115 
46 22 13 110 90 59 0 84 82 120 120 73 113 100 56 
42 70 87 32 60 55 84 0 78 36 36 61 29 40 60 
120 104 69 110 138 23 82 78 0 60 60 17 89 118 138 
74 106 123 54 82 81 120 36 60 0 4 47 33 62 84 
74 106 123 58 86 81 120 36 60 4 0 47 37 66 86 
103 87 76 93 121 34 73 61 17 47 47 0 72 101 121 
67 99 116 21 49 74 113 29 89 33 37 72 0 29 77 
54 86 103 10 20 95 100 40 118 62 66 101 29 0 64 
18 34 69 74 54 115 56 60 138 84 86 121 77 64 0 

0 108 83 83 135 63 17 151 42 41 99 105 51 59 97 
108 0 29 25 59 63 97 43 66 85 107 13 111 49 11 
83 29 0 16 52 38 72 68 41 60 78 22 82 24 24 
83 25 16 0 52 38 72 68 41 60 94 22 98 26 14 
135 59 52 52 0 90 124 22 93 112 48 46 98 76 54 
63 63 38 38 90 0 80 106 35 22 110 60 114 42 52 
17 97 72 72 124 80 0 140 45 58 88 94 34 48 86 
151 43 68 68 22 106 140 0 109 128 70 46 114 92 54 
42 66 41 41 93 35 45 109 0 19 75 63 79 17 55 
41 85 60 60 112 22 58 128 19 0 88 82 92 36 74 
99 107 78 94 48 110 88 70 75 88 0 94 62 68 102 
105 13 22 22 46 60 94 46 63 82 94 0 98 46 8 
51 111 82 98 98 114 34 114 79 92 62 98 0 72 106 
59 49 24 26 76 42 48 92 17 36 68 46 72 0 38 
97 11 24 14 54 52 86 54 55 74 102 8 106 38 0 

0 24 102 103 81 22 44 44 51 31 33 78 65 51 35 
24 0 104 105 57 24 68 68 33 29 17 102 45 75 37 
102 104 0 19 97 124 60 114 71 133 87 98 81 99 67 
103 105 19 0 116 125 61 115 86 134 88 99 100 100 68 
81 57 97 116 0 81 125 125 30 76 48 159 16 132 94 
22 24 124 125 81 0 64 44 53 9 37 78 65 51 57 
44 68 60 61 125 64 0 54 95 73 77 38 109 39 31 
44 68 114 115 125 44 54 0 95 49 77 34 109 15 47 
51 33 71 86 30 53 95 95 0 62 18 129 14 102 64 
31 29 133 134 76 9 73 49 62 0 46 83 74 56 66 
33 17 87 88 48 37 77 77 18 46 0 111 32 84 46 
78 102 98 99 159 78 38 34 129 83 111 0 143 27 65 
65 45 81 100 16 65 109 109 14 74 32 143 0 116 78 
51 75 99 100 132 51 39 15 102 56 84 27 116 0 38 
35 37 67 68 94 57 31 47 64 66 46 65 78 38 0 

0 32 62 63 50 36 95 88 57 62 46 11 86 34 23 
32 0 56 73 44 68 63 82 25 64 22 43 76 14 29 
62 56 0 103 66 98 33 60 51 94 34 73 24 70 85 
63 73 103 0 37 47 136 43 98 9 87 60 127 75 86 
50 44 66 37 0 34 99 38 61 28 50 47 90 58 73 
36 68 98 47 34 0 131 72 93 46 82 25 122 70 51 
95 63 33 136 99 131 0 93 38 127 49 106 39 61 80 
88 82 60 43 38 72 93 0 77 34 60 85 84 96 111 
57 25 51 98 61 93 38 77 0 89 17 68 71 23 42 
62 64 94 9 28 46 127 34 89 0 78 59 118 70 85 
46 22 34 87 50 82 49 60 17 78 0 57 54 36 51 
11 43 73 60 47 25 106 85 68 59 57 0 97 45 26 
86 76 24 127 90 122 39 84 71 118 54 97 0 90 105 
34 14 70 75 58 70 61 96 23 70 36 45 90 0 19 
23 29 85 86 73 51 80 111 42 85 51 26 105 19 0 

0 10 46 88 67 26 145 21 99 65 69 85 95 82 74 
10 0 42 78 57 30 135 11 103 55 69 89 99 72 64 
46 42 0 74 55 72 99 39 145 83 111 131 141 94 86 
88 78 74 0 21 92 57 67 71 23 37 75 67 20 14 
67 57 55 21 0 71 78 46 90 28 56 76 86 39 31 
26 30 72 92 71 0 149 33 73 69 73 59 69 86 78 
145 135 99 57 78 149 0 124 78 80 76 132 96 63 71 
21 11 39 67 46 33 124 0 106 44 72 92 102 61 53 
99 103 145 71 90 73 78 106 0 62 34 54 18 51 59 
65 55 83 23 28 69 80 44 62 0 28 52 58 17 9 
69 69 111 37 56 73 76 72 34 28 0 56 30 17 25 
85 89 131 75 76 59 132 92 54 52 56 0 36 69 61 
95 99 141 67 86 69 96 102 18 58 30 36 0 47 55 
82 72 94 20 39 86 63 61 51 17 17 69 47 0 8 
74 64 86 14 31 78 71 53 59 9 25 61 55 8 0 

0 92 41 20 77 102 116 93 59 12 26 36 69 66 34 
92 0 109 72 15 18 82 35 33 104 88 56 99 30 120 
41 109 0 57 94 119 75 110 76 39 21 53 28 83 11 
20 72 57 0 61 82 132 85 53 32 42 52 85 46 50 
77 15 94 61 0 25 71 24 18 89 73 41 84 41 105 
102 18 119 82 25 0 64 17 43 114 98 66 109 48 130 
116 82 75 132 71 64 0 47 79 114 90 80 59 112 82 
93 35 110 85 24 17 47 0 34 105 89 57 100 65 121 
59 33 76 53 18 43 79 34 0 71 55 23 66 33 87 
12 104 39 32 89 114 114 105 71 0 24 48 67 78 32 
26 88 21 42 73 98 90 89 55 24 0 32 43 62 32 
36 56 53 52 41 66 80 57 23 48 32 0 43 32 64 
69 99 28 85 84 109 59 100 66 67 43 43 0 73 35 
66 30 83 46 41 48 112 65 33 78 62 32 73 0 94 
34 120 11 50 105 130 82 121 87 32 32 64 35 94 0 

0 97 15 45 22 77 35 112 74 88 37 85 36 32 57 
97 0 82 52 89 92 76 41 23 73 88 38 77 129 70 
15 82 0 38 25 74 32 97 59 85 40 70 33 47 54 
45 52 38 0 63 40 24 67 29 47 78 40 25 77 18 
22 89 25 63 0 99 57 104 78 110 15 77 58 42 79 
77 92 74 40 99 0 42 107 69 19 114 80 41 57 22 
35 76 32 24 57 42 0 91 53 53 72 64 1 53 22 
112 41 97 67 104 107 91 0 48 88 103 27 92 144 85 
74 23 59 29 78 69 53 48 0 50 93 45 54 106 47 
88 73 85 47 110 19 53 88 50 0 125 77 52 68 31 
37 88 40 78 15 114 72 103 93 125 0 76 73 57 94 
85 38 70 40 77 80 64 27 45 77 76 0 65 117 58 
36 77 33 25 58 41 1 92 54 52 73 65 0 52 21 
32 129 47 77 42 57 53 144 106 68 57 117 52 0 59 
57 70 54 18 79 22 22 85 47 31 94 58 21 59 0 

0 21 21 72 84 56 73 88 37 69 21 147 44 36 70 
21 0 20 73 63 57 52 67 40 48 8 126 23 37 53 
21 20 0 93 63 77 52 75 58 48 12 126 23 57 73 
72 73 93 0 100 16 59 74 35 55 81 133 90 36 56 
84 63 63 100 0 84 47 82 103 45 63 63 40 66 80 
56 57 77 16 84 0 59 74 33 55 65 133 74 20 56 
73 52 52 59 47 59 0 35 92 4 52 74 37 55 33 
88 67 75 74 82 74 35 0 107 37 67 59 72 70 18 
37 40 58 35 103 33 92 107 0 88 46 166 63 37 89 
69 48 48 55 45 55 4 37 88 0 48 78 35 51 35 
21 8 12 81 63 65 52 67 46 48 0 126 23 45 61 
147 126 126 133 63 133 74 59 166 78 126 0 103 129 77 
44 23 23 90 40 74 37 72 63 35 23 103 0 54 70 
36 37 57 36 66 20 55 70 37 51 45 129 54 0 52 
70 53 73 56 80 56 33 18 89 35 61 77 70 52 0 

0 70 108 23 101 77 41 135 90 89 15 90 30 119 68 
70 0 56 47 49 7 31 65 20 19 67 38 40 49 64 
108 56 0 99 11 55 87 91 70 55 123 18 96 75 120 
23 47 99 0 92 54 18 112 67 66 24 81 7 96 45 
101 49 11 92 0 48 80 80 63 48 116 11 89 66 113 
77 7 55 54 48 0 36 58 15 12 72 37 47 42 65 
41 31 87 18 80 36 0 94 49 48 36 69 11 78 33 
135 65 91 112 80 58 94 0 45 46 130 83 105 16 67 
90 20 70 67 63 15 49 45 0 15 85 52 60 29 50 
89 19 55 66 48 12 48 46 15 0 84 37 59 30 65 
15 67 123 24 116 72 36 130 85 84 0 105 27 114 63 
90 38 18 81 11 37 69 83 52 37 105 0 78 67 102 
30 40 96 7 89 47 11 105 60 59 27 78 0 89 38 
119 49 75 96 66 42 78 16 29 30 114 67 89 0 51 
68 64 120 45 113 65 33 67 50 65 63 102 38 51 0 

0 84 84 163 134 63 170 76 149 127 67 100 57 118 87 
84 0 98 79 50 21 86 24 65 61 25 84 35 34 39 
84 98 0 99 60 103 100 122 75 53 123 26 63 76 137 
163 79 99 0 47 100 7 87 46 62 96 85 106 45 76 
134 50 60 47 0 71 48 70 15 15 71 38 77 24 85 
63 21 103 100 71 0 107 19 86 66 20 89 40 55 34 
170 86 100 7 48 107 0 94 47 63 103 86 113 52 83 
76 24 122 87 70 19 94 0 73 85 9 108 59 46 15 
149 65 75 46 15 86 47 73 0 22 82 49 92 31 84 
127 61 53 62 15 66 63 85 22 0 86 27 70 39 100 
67 25 123 96 71 20 103 9 82 86 0 109 60 51 20 
100 84 26 85 38 89 86 108 49 27 109 0 49 62 123 
57 35 63 106 77 40 113 59 92 70 60 49 0 61 74 
118 34 76 45 24 55 52 46 31 39 51 62 61 0 61 
87 39 137 76 85 34 83 15 84 100 20 123 74 61 0 

0 96 25 99 39 158 75 15 105 106 105 63 43 92 85 
96 0 71 99 67 64 23 101 9 130 117 75 101 56 57 
25 71 0 74 44 133 80 30 80 81 80 38 38 67 60 
99 99 74 0 80 59 116 104 104 31 18 36 78 43 42 
39 67 44 80 0 129 44 54 76 111 98 56 82 63 56 
158 64 133 59 129 0 85 163 69 66 53 95 137 66 73 
75 23 80 116 44 85 0 90 32 147 134 92 118 73 74 
15 101 30 104 54 163 90 0 110 111 110 68 28 97 90 
105 9 80 104 76 69 32 110 0 135 122 80 106 61 62 
106 130 81 31 111 66 147 111 135 0 13 55 85 74 73 
105 117 80 18 98 53 134 110 122 13 0 42 84 61 60 
63 75 38 36 56 95 92 68 80 55 42 0 42 29 22 
43 101 38 78 82 137 118 28 106 85 84 42 0 71 64 
92 56 67 43 63 66 73 97 61 74 61 29 71 0 7 
85 57 60 42 56 73 74 90 62 73 60 22 64 7 0 

0 50 55 74 47 91 57 71 40 83 37 34 50 56 34 
50 0 103 124 95 43 107 69 78 33 41 84 100 60 82 
55 103 0 79 60 112 44 126 95 104 92 43 53 111 89 
74 124 79 0 113 165 35 55 46 157 83 40 26 64 42 
47 95 60 113 0 52 96 118 87 64 84 73 89 103 81 
91 43 112 165 52 0 148 110 119 12 82 125 141 101 123 
57 107 44 35 96 148 0 82 51 140 66 23 9 67 45 
71 69 126 55 118 110 82 0 31 102 34 83 73 15 37 
40 78 95 46 87 119 51 31 0 111 37 52 42 18 6 
83 33 104 157 64 12 140 102 111 0 74 117 133 93 115 
37 41 92 83 84 82 66 34 37 74 0 49 59 19 41 
34 84 43 40 73 125 23 83 52 117 49 0 16 68 46 
50 100 53 26 89 141 9 73 42 133 59 16 0 58 36 
56 60 111 64 103 101 67 15 18 93 19 68 58 0 22 
34 82 89 42 81 123 45 37 6 115 41 46 36 22 0 

0 77 51 92 110 82 42 113 45 107 28 84 51 60 73 
77 0 128 25 39 71 91 88 42 50 67 51 70 35 46 
51 128 0 103 161 57 37 74 96 78 79 135 58 111 82 
92 25 103 0 58 46 66 63 57 25 82 66 45 50 21 
110 39 161 58 0 104 124 121 65 83 82 26 103 50 79 
82 71 57 46 104 0 40 31 47 25 72 78 31 54 25 
42 91 37 66 124 40 0 71 59 65 42 98 21 74 45 
113 88 74 63 121 31 71 0 78 38 103 95 62 71 42 
45 42 96 57 65 47 59 78 0 72 25 39 38 15 38 
107 50 78 25 83 25 65 38 72 0 97 81 56 65 34 
28 67 79 82 82 72 42 103 25 97 0 56 41 32 63 
84 51 135 66 26 78 98 95 39 81 56 0 77 24 53 
51 70 58 45 103 31 21 62 38 56 41 77 0 53 24 
60 35 111 50 50 54 74 71 15 65 32 24 53 0 31 
73 46 82 21 79 25 45 42 38 34 63 53 24 31 0 

0 59 98 97 33 96 74 69 77 49 22 98 50 94 39 
59 0 39 38 34 53 105 20 40 86 81 61 27 49 76 
98 39 0 5 73 48 100 29 67 85 120 66 66 44 99 
97 38 5 0 72 53 105 28 66 86 119 61 65 49 98 
33 34 73 72 0 71 101 44 44 82 47 65 17 69 72 
96 53 48 53 71 0 52 73 93 83 118 114 66 4 97 
74 105 100 105 101 52 0 125 145 61 96 166 118 56 75 
69 20 29 28 44 73 125 0 38 106 91 41 37 69 96 
77 40 67 66 44 93 145 38 0 126 87 21 27 89 116 
49 86 85 86 82 83 61 106 126 0 39 147 99 81 14 
22 81 120 119 47 118 96 91 87 39 0 108 60 116 29 
98 61 66 61 65 114 166 41 21 147 108 0 48 110 137 
50 27 66 65 17 66 118 37 27 99 60 48 0 62 89 
94 49 44 49 69 4 56 69 89 81 116 110 62 0 95 
39 76 99 98 72 97 75 96 116 14 29 137 89 95 0 

0 85 71 36 38 37 62 34 39 10 46 55 33 70 44 
85 0 156 121 77 64 135 63 68 85 39 30 98 37 41 
71 156 0 39 79 108 55 99 98 71 117 126 58 141 115 
36 121 39 0 44 73 94 64 63 36 82 91 65 106 80 
38 77 79 44 0 29 100 20 19 28 56 47 71 62 44 
37 64 108 73 29 0 97 9 10 37 53 36 68 33 41 
62 135 55 94 100 97 0 96 101 72 96 105 37 120 94 
34 63 99 64 20 9 96 0 5 28 52 35 67 42 40 
39 68 98 63 19 10 101 5 0 29 57 40 72 43 45 
10 85 71 36 28 37 72 28 29 0 46 55 43 70 44 
46 39 117 82 56 53 96 52 57 46 0 17 59 26 12 
55 30 126 91 47 36 105 35 40 55 17 0 68 15 11 
33 98 58 65 71 68 37 67 72 43 59 68 0 83 57 
70 37 141 106 62 33 120 42 43 70 26 15 83 0 26 
44 41 115 80 44 41 94 40 45 44 12 11 57 26 0 

0 99 50 4 92 18 59 51 78 83 123 34 83 15 67 
99 0 87 95 83 81 40 80 83 54 24 65 112 88 96 
50 87 0 52 80 60 69 23 66 133 111 76 33 35 39 
4 95 52 0 88 14 55 53 74 81 119 30 85 17 69 
92 83 80 88 0 74 73 57 14 137 77 80 51 81 41 
18 81 60 14 74 0 41 61 64 73 105 16 93 25 77 
59 40 69 55 73 41 0 70 73 64 64 25 102 48 86 
51 80 23 53 57 61 70 0 43 134 88 77 32 36 16 
78 83 66 74 14 64 73 43 0 137 77 80 37 67 27 
83 54 133 81 137 73 64 134 137 0 64 57 166 98 150 
123 24 111 119 77 105 64 88 77 64 0 89 106 112 90 
34 65 76 30 80 16 25 77 80 57 89 0 109 41 93 
83 112 33 85 51 93 102 32 37 166 106 109 0 68 16 
15 88 35 17 81 25 48 36 67 98 112 41 68 0 52 
67 96 39 69 41 77 86 16 27 150 90 93 16 52 0 

0 67 57 109 77 122 137 28 158 76 45 109 55 82 55 
67 0 20 92 24 101 70 43 91 89 46 102 28 15 108 
57 20 0 96 24 105 90 47 111 93 50 106 32 35 112 
109 92 96 0 116 13 34 81 49 33 64 10 64 103 54 
77 24 24 116 0 125 82 67 87 113 70 126 52 13 132 
122 101 105 13 125 0 43 94 46 46 77 13 73 112 67 
137 70 90 34 82 43 0 109 21 61 92 44 82 69 82 
28 43 47 81 67 94 109 0 130 48 17 81 27 54 65 
158 91 111 49 87 46 21 130 0 82 113 49 103 76 103 
76 89 93 33 113 46 61 48 82 0 43 33 61 100 21 
45 46 50 64 70 77 92 17 113 43 0 64 18 57 62 
109 102 106 10 126 13 44 81 49 33 64 0 74 113 54 
55 28 32 64 52 73 82 27 103 61 18 74 0 39 80 
82 15 35 103 13 112 69 54 76 100 57 113 39 0 119 
55 108 112 54 132 67 82 65 103 21 62 54 80 119 0 

0 34 79 105 96 75 73 50 67 20 108 92 53 66 19 
34 0 47 73 62 43 41 36 35 52 74 58 21 64 51 
79 47 0 26 73 16 48 83 12 99 85 69 26 53 98 
105 73 26 0 65 30 40 109 38 125 83 81 52 61 124 
96 62 73 65 0 89 25 58 71 98 32 30 53 126 83 
75 43 16 30 89 0 64 79 18 95 101 85 36 37 94 
73 41 48 40 25 64 0 77 46 93 51 49 28 101 92 
50 36 83 109 58 79 77 0 71 52 58 42 57 80 37 
67 35 12 38 71 18 46 71 0 87 83 67 18 55 86 
20 52 99 125 98 95 93 52 87 0 110 94 73 86 15 
108 74 85 83 32 101 51 58 83 110 0 16 65 138 95 
92 58 69 81 30 85 49 42 67 94 16 0 49 122 79 
53 21 26 52 53 36 28 57 18 73 65 49 0 73 72 
66 64 53 61 126 37 101 80 55 86 138 122 73 0 85 
19 51 98 124 83 94 92 37 86 15 95 79 72 85 0 

0 94 110 130 52 74 18 106 25 122 99 55 62 10 119 
94 0 66 82 54 20 90 62 69 74 123 47 36 96 55 
110 66 0 20 58 50 106 4 85 12 57 55 84 112 11 
130 82 20 0 78 66 126 24 105 8 41 75 100 132 27 
52 54 58 78 0 38 48 54 27 70 69 7 72 54 67 
74 20 50 66 38 0 70 46 49 58 107 31 34 76 45 
18 90 106 126 48 70 0 102 21 118 95 51 80 8 115 
106 62 4 24 54 46 102 0 81 16 61 51 80 108 13 
25 69 85 105 27 49 21 81 0 97 76 30 65 27 94 
122 74 12 8 70 58 118 16 97 0 49 67 92 124 19 
99 123 57 41 69 107 95 61 76 49 0 76 141 101 68 
55 47 55 75 7 31 51 51 30 67 76 0 65 57 64 
62 36 84 100 72 34 80 80 65 92 141 65 0 72 73 
10 96 112 132 54 76 8 108 27 124 101 57 72 0 121 
119 55 11 27 67 45 115 13 94 19 68 64 73 121 0 

0 119 46 60 42 39 83 26 76 17 60 119 69 65 34 
119 0 73 61 77 80 58 135 73 102 59 4 50 108 105 
46 73 0 56 28 7 53 62 74 29 38 73 45 63 32 
60 61 56 0 28 49 23 76 130 47 18 65 101 119 88 
42 77 28 28 0 21 41 58 102 25 18 77 73 91 60 
39 80 7 49 21 0 46 55 81 22 31 80 52 70 39 
83 58 53 23 41 46 0 99 127 66 23 62 98 116 85 
26 135 62 76 58 55 99 0 102 33 76 135 85 91 60 
76 73 74 130 102 81 127 102 0 83 112 73 29 35 42 
17 102 29 47 25 22 66 33 83 0 43 102 54 72 41 
60 59 38 18 18 31 23 76 112 43 0 59 83 101 70 
119 4 73 65 77 80 62 135 73 102 59 0 50 108 105 
69 50 45 101 73 52 98 85 29 54 83 50 0 58 55 
65 108 63 119 91 70 116 91 35 72 101 108 58 0 31 
34 105 32 88 60 39 85 60 42 41 70 105 55 31 0 

0 97 109 34 103 79 69 2 102 42 26 87 73 21 83 
97 0 26 131 66 18 28 95 5 55 97 48 64 76 14 
109 26 0 143 78 38 40 107 27 67 109 30 76 88 26 
34 131 143 0 81 113 103 36 136 76 34 113 67 55 117 
103 66 78 81 0 76 38 103 71 65 77 48 30 84 52 
79 18 38 113 76 0 40 77 23 37 79 60 46 58 26 
69 28 40 103 38 40 0 67 33 29 69 20 36 48 14 
2 95 107 36 103 77 67 0 100 40 26 87 73 19 81 
102 5 27 136 71 23 33 100 0 60 102 49 69 81 19 
42 55 67 76 65 37 29 40 60 0 42 49 35 21 41 
26 97 109 34 77 79 69 26 102 42 0 79 47 21 83 
87 48 30 113 48 60 20 87 49 49 79 0 46 68 34 
73 64 76 67 30 46 36 73 69 35 47 46 0 54 50 
21 76 88 55 84 58 48 19 81 21 21 68 54 0 62 
83 14 26 117 52 26 14 81 19 41 83 34 50 62 0 

0 52 29 65 62 42 39 36 50 29 71 53 9 58 31 
52 0 81 97 94 94 71 88 102 69 61 39 61 10 21 
29 81 0 92 89 55 66 9 21 12 100 82 36 87 60 
65 97 92 0 7 57 26 83 89 94 56 58 56 107 92 
62 94 89 7 0 64 23 80 86 91 49 55 53 104 89 
42 94 55 57 64 0 41 46 52 57 113 95 33 100 73 
39 71 66 26 23 41 0 57 63 68 72 54 30 81 66 
36 88 9 83 80 46 57 0 14 19 107 89 27 94 67 
50 102 21 89 86 52 63 14 0 33 121 103 41 108 81 
29 69 12 94 91 57 68 19 33 0 88 70 38 75 48 
71 61 100 56 49 113 72 107 121 88 0 22 80 71 56 
53 39 82 58 55 95 54 89 103 70 22 0 62 49 34 
9 61 36 56 53 33 30 27 41 38 80 62 0 67 40 
58 10 87 107 104 100 81 94 108 75 71 49 67 0 27 
31 21 60 92 89 73 66 67 81 48 56 34 40 27 0 

0 77 59 36 52 26 86 71 77 70 43 58 72 62 60 
77 0 136 113 129 103 93 84 2 7 112 31 149 109 17 
59 136 0 61 67 37 123 108 136 129 24 117 69 99 119 
36 113 61 0 16 24 62 47 113 106 67 94 36 38 96 
52 129 67 16 0 30 56 45 129 122 73 110 20 32 112 
26 103 37 24 30 0 86 71 103 96 43 84 46 62 86 
86 93 123 62 56 86 0 15 93 86 129 108 56 24 78 
71 84 108 47 45 71 15 0 84 77 114 93 65 25 67 
77 2 136 113 129 103 93 84 0 7 112 33 149 109 17 
70 7 129 106 122 96 86 77 7 0 105 36 142 102 10 
43 112 24 67 73 43 129 114 112 105 0 93 75 105 95 
58 31 117 94 110 84 108 93 33 36 93 0 130 90 30 
72 149 69 36 20 46 56 65 149 142 75 130 0 40 132 
62 109 99 38 32 62 24 25 109 102 105 90 40 0 92 
60 17 119 96 112 86 78 67 17 10 95 30 132 92 0 

0 83 107 89 51 35 96 40 95 67 66 55 119 53 98 
83 0 24 68 32 48 25 101 24 46 43 88 36 100 27 
107 24 0 76 56 72 33 125 40 70 67 112 26 108 35 
89 68 76 0 44 54 43 107 92 64 63 94 50 36 95 
51 32 56 44 0 22 45 69 48 20 19 56 68 76 51 
35 48 72 54 22 0 61 53 70 42 41 40 84 54 73 
96 25 33 43 45 61 0 114 49 59 56 101 23 75 52 
40 101 125 107 69 53 114 0 85 55 58 15 137 71 90 
95 24 40 92 48 70 49 85 0 30 29 72 52 124 5 
67 46 70 64 20 42 59 55 30 0 3 42 82 96 35 
66 43 67 63 19 41 56 58 29 3 0 45 79 95 32 
55 88 112 94 56 40 101 15 72 42 45 0 124 84 77 
119 36 26 50 68 84 23 137 52 82 79 124 0 82 47 
53 100 108 36 76 54 75 71 124 96 95 84 82 0 127 
98 27 35 95 51 73 52 90 5 35 32 77 47 127 0 

0 84 69 115 61 24 36 40 90 75 125 153 11 59 18 
84 0 67 31 23 60 62 50 118 35 41 69 85 25 66 
69 67 0 48 64 45 33 73 51 32 56 84 70 92 51 
115 31 48 0 54 91 79 81 99 40 10 38 116 56 97 
61 23 64 54 0 39 59 27 115 32 64 92 62 28 43 
24 60 45 91 39 0 20 48 76 51 101 129 25 67 6 
36 62 33 79 59 20 0 68 56 39 89 117 37 87 24 
40 50 73 81 27 48 68 0 124 41 91 119 51 25 44 
90 118 51 99 115 76 56 124 0 83 89 63 91 143 80 
75 35 32 40 32 51 39 41 83 0 50 78 76 60 57 
125 41 56 10 64 101 89 91 89 50 0 28 126 66 107 
153 69 84 38 92 129 117 119 63 78 28 0 154 94 135 
11 85 70 116 62 25 37 51 91 76 126 154 0 70 19 
59 25 92 56 28 67 87 25 143 60 66 94 70 0 63 
18 66 51 97 43 6 24 44 80 57 107 135 19 63 0 

0 71 140 14 103 115 126 152 94 61 90 161 56 147 43 
71 0 99 77 84 62 77 99 41 32 155 108 83 98 58 
140 99 0 126 37 69 22 30 62 79 56 21 84 7 97 
14 77 126 0 89 101 112 138 80 47 78 147 42 133 29 
103 84 37 89 0 54 23 49 47 52 71 58 47 44 60 
115 62 69 101 54 0 47 39 21 54 125 48 59 68 72 
126 77 22 112 23 47 0 26 40 65 78 35 70 21 83 
152 99 30 138 49 39 26 0 58 91 86 9 96 29 109 
94 41 62 80 47 21 40 58 0 33 118 67 46 61 51 
61 32 79 47 52 54 65 91 33 0 123 100 51 86 26 
90 155 56 78 71 125 78 86 118 123 0 77 72 57 97 
161 108 21 147 58 48 35 9 67 100 77 0 105 20 118 
56 83 84 42 47 59 70 96 46 51 72 105 0 91 25 
147 98 7 133 44 68 21 29 61 86 57 20 91 0 104 
43 58 97 29 60 72 83 109 51 26 97 118 25 104 0 

0 56 21 24 48 33 53 37 92 28 71 83 32 6 47 
56 0 45 48 10 55 45 77 148 84 127 87 26 54 25 
21 45 0 3 35 12 32 32 103 43 82 62 21 15 26 
24 48 3 0 38 9 29 29 100 46 79 59 24 18 23 
48 10 35 38 0 45 35 67 138 74 117 77 36 44 15 
33 55 12 9 45 0 20 22 93 55 72 50 31 27 30 
53 45 32 29 35 20 0 32 103 75 82 42 41 47 20 
37 77 32 29 67 22 32 0 71 59 50 46 53 31 52 
92 148 103 100 138 93 103 71 0 64 21 61 124 94 123 
28 84 43 46 74 55 75 59 64 0 77 105 60 30 69 
71 127 82 79 117 72 82 50 21 77 0 40 103 73 102 
83 87 62 59 77 50 42 46 61 105 40 0 71 77 62 
32 26 21 24 36 31 41 53 124 60 103 71 0 30 35 
6 54 15 18 44 27 47 31 94 30 73 77 30 0 41 
47 25 26 23 15 30 20 52 123 69 102 62 35 41 0 

0 41 52 98 11 61 74 55 75 40 42 46 68 73 54 
41 0 77 73 30 102 33 96 34 65 83 87 109 98 95 
52 77 0 150 59 107 110 19 111 92 52 98 32 29 18 
98 73 150 0 91 57 78 139 87 58 98 52 124 171 144 
11 30 59 91 0 72 63 66 64 35 53 57 79 80 65 
61 102 107 57 72 0 135 96 136 37 55 15 81 128 101 
74 33 110 78 63 135 0 129 13 98 116 120 142 97 128 
55 96 19 139 66 96 129 0 130 81 41 87 15 48 5 
75 34 111 87 64 136 13 130 0 99 117 121 143 84 129 
40 65 92 58 35 37 98 81 99 0 40 22 66 113 86 
42 83 52 98 53 55 116 41 117 40 0 46 26 73 46 
46 87 98 52 57 15 120 87 121 22 46 0 72 119 92 
68 109 32 124 79 81 142 15 143 66 26 72 0 61 20 
73 98 29 171 80 128 97 48 84 113 73 119 61 0 47 
54 95 18 144 65 101 128 5 129 86 46 92 20 47 0 

0 89 75 101 121 21 33 46 21 69 58 28 25 96 42 
89 0 66 24 32 68 122 77 74 90 79 61 114 9 47 
75 66 0 90 56 54 108 63 60 36 49 71 100 75 33 
101 24 90 0 34 80 134 91 86 114 103 73 126 15 67 
121 32 56 34 0 100 154 109 106 82 95 93 146 25 79 
21 68 54 80 100 0 54 51 26 74 63 21 46 75 27 
33 122 108 134 154 54 0 67 48 90 79 61 8 129 75 
46 77 63 91 109 51 67 0 25 27 14 72 63 84 30 
21 74 60 86 106 26 48 25 0 48 37 47 40 81 27 
69 90 36 114 82 74 90 27 48 0 13 95 86 99 47 
58 79 49 103 95 63 79 14 37 13 0 84 75 88 36 
28 61 71 73 93 21 61 72 47 95 84 0 53 68 48 
25 114 100 126 146 46 8 63 40 86 75 53 0 121 67 
96 9 75 15 25 75 129 84 81 99 88 68 121 0 54 
42 47 33 67 79 27 75 30 27 47 36 48 67 54 0 

0 8 157 112 62 88 68 52 107 91 35 95 116 52 135 
8 0 165 120 66 96 72 60 115 99 39 99 124 60 143 
157 165 0 45 127 69 133 105 50 66 158 92 41 105 22 
112 120 45 0 82 24 88 60 37 55 113 83 18 60 23 
62 66 127 82 0 58 6 68 77 61 31 35 86 22 105 
88 96 69 24 58 0 64 36 45 63 89 91 28 48 47 
68 72 133 88 6 64 0 74 83 67 33 41 92 28 111 
52 60 105 60 68 36 74 0 55 73 53 101 64 58 83 
107 115 50 37 77 45 83 55 0 18 108 46 55 55 40 
91 99 66 55 61 63 67 73 18 0 92 28 73 39 58 
35 39 158 113 31 89 33 53 108 92 0 66 117 53 136 
95 99 92 83 35 91 41 101 46 28 66 0 101 43 86 
116 124 41 18 86 28 92 64 55 73 117 101 0 64 19 
52 60 105 60 22 48 28 58 55 39 53 43 64 0 83 
135 143 22 23 105 47 111 83 40 58 136 86 19 83 0 

0 111 102 127 62 145 67 130 89 105 99 63 99 51 61 
111 0 53 44 49 34 44 31 58 50 12 48 26 60 50 
102 53 0 25 100 43 35 28 111 3 41 39 79 63 89 
127 44 25 0 91 28 60 13 102 22 32 64 70 76 80 
62 49 100 91 0 83 79 78 27 97 59 83 37 37 11 
145 34 43 28 83 0 78 15 74 40 46 82 46 94 84 
67 44 35 60 79 78 0 63 90 38 32 4 58 42 68 
130 31 28 13 78 15 63 0 89 25 31 67 57 79 69 
89 58 111 102 27 74 90 89 0 108 70 94 32 48 28 
105 50 3 22 97 40 38 25 108 0 38 42 76 60 86 
99 12 41 32 59 46 32 31 70 38 0 36 38 48 48 
63 48 39 64 83 82 4 67 94 42 36 0 62 46 72 
99 26 79 70 37 46 58 57 32 76 38 62 0 48 38 
51 60 63 76 37 94 42 79 48 60 48 46 48 0 26 
61 50 89 80 11 84 68 69 28 86 48 72 38 26 0 

0 44 26 50 37 70 79 93 49 23 50 70 73 34 34 
44 0 40 94 77 92 101 115 71 29 16 114 33 20 78 
26 40 0 64 37 96 105 119 75 11 46 74 69 30 38 
50 94 64 0 75 70 75 55 41 65 100 52 123 84 54 
37 77 37 75 0 107 116 130 86 48 83 37 106 67 21 
70 92 96 70 107 0 9 35 29 93 108 90 59 72 86 
79 101 105 75 116 9 0 40 34 102 117 95 68 81 95 
