0 326 385 546 924 986 600 944 1429 817 487 1175 336 629 1105 
326 0 389 286 664 726 380 636 1103 557 161 915 160 303 779 
385 389 0 675 1053 1115 215 1025 1044 946 342 1304 465 260 720 
546 286 675 0 590 440 666 616 1101 427 333 629 210 415 777 
924 664 1053 590 0 576 1044 28 511 163 711 371 752 793 675 
986 726 1115 440 576 0 1106 602 1087 413 773 205 650 855 763 
600 380 215 666 1044 1106 0 1016 829 937 333 1295 456 251 505 
944 636 1025 616 28 602 1016 0 485 189 683 397 778 765 647 
1429 1103 1044 1101 511 1087 829 485 0 674 942 882 1263 800 324 
817 557 946 427 163 413 937 189 674 0 604 358 589 686 568 
487 161 342 333 711 773 333 683 942 604 0 962 321 142 618 
1175 915 1304 629 371 205 1295 397 882 358 962 0 839 1044 926 
336 160 465 210 752 650 456 778 1263 589 321 839 0 463 939 
629 303 260 415 793 855 251 765 800 686 142 1044 463 0 476 
1105 779 720 777 675 763 505 647 324 568 618 926 939 476 0 

0 512 608 647 580 341 518 288 321 336 182 246 543 291 134 
512 0 472 343 1092 341 654 224 803 848 330 328 1055 251 482 
608 472 0 815 852 267 1126 444 929 660 590 362 885 317 474 
647 343 815 0 1227 548 379 371 938 983 465 463 1190 498 617 
580 1092 852 1227 0 751 848 868 289 244 762 764 37 841 610 
341 341 267 548 751 0 859 177 662 507 323 95 714 90 207 
518 654 1126 379 848 859 0 682 559 604 536 764 811 809 652 
288 224 444 371 868 177 682 0 579 624 146 104 831 127 258 
321 803 929 938 289 662 559 579 0 269 473 567 252 612 455 
336 848 660 983 244 507 604 624 269 0 518 520 225 597 366 
182 330 590 465 762 323 536 146 473 518 0 228 725 273 152 
246 328 362 463 764 95 764 104 567 520 228 0 727 77 154 
543 1055 885 1190 37 714 811 831 252 225 725 727 0 804 573 
291 251 317 498 841 90 809 127 612 597 273 77 804 0 231 
134 482 474 617 610 207 652 258 455 366 152 154 573 231 0 

0 933 99 1183 665 900 1268 369 376 590 901 1151 1245 991 888 
933 0 834 250 268 293 813 672 925 497 658 218 568 1242 1275 
99 834 0 1084 566 857 1225 326 287 547 858 1052 1202 948 845 
1183 250 1084 0 518 543 1063 922 875 747 908 56 818 1492 1525 
665 268 566 518 0 339 707 404 805 229 390 486 684 974 1007 
900 293 857 543 339 0 520 531 1144 310 365 511 345 949 982 
1268 813 1225 1063 707 520 0 899 1512 678 367 1031 245 429 462 
369 672 326 922 404 531 899 0 613 221 532 890 876 622 603 
376 925 287 875 805 1144 1512 613 0 834 1145 931 1489 1235 1132 
590 497 547 747 229 310 678 221 834 0 311 715 655 745 778 
901 658 858 908 390 365 367 532 1145 311 0 876 344 584 617 
1151 218 1052 56 486 511 1031 890 931 715 876 0 786 1460 1493 
1245 568 1202 818 684 345 245 876 1489 655 344 786 0 674 707 
991 1242 948 1492 974 949 429 622 1235 745 584 1460 674 0 103 
888 1275 845 1525 1007 982 462 603 1132 778 617 1493 707 103 0 

0 434 506 1183 117 435 524 731 166 324 1229 387 1064 301 920 
434 0 304 749 521 415 348 685 368 110 1027 549 862 401 718 
506 304 0 875 395 719 222 559 672 288 723 853 558 275 466 
1183 749 875 0 1270 748 1097 1434 1083 859 760 816 899 1150 451 
117 521 395 1270 0 522 407 614 283 411 1112 474 947 184 861 
435 415 719 748 522 0 737 944 335 431 1442 134 1277 514 1133 
524 348 222 1097 407 737 0 337 690 306 705 871 540 223 688 
731 685 559 1434 614 944 337 0 897 575 868 1078 535 430 1025 
166 368 672 1083 283 335 690 897 0 384 1395 287 1230 467 1086 
324 110 288 859 411 431 306 575 384 0 1011 565 846 291 702 
1229 1027 723 760 1112 1442 705 868 1395 1011 0 1576 333 928 309 
387 549 853 816 474 134 871 1078 287 565 1576 0 1411 648 1267 
1064 862 558 899 947 1277 540 535 1230 846 333 1411 0 763 490 
301 401 275 1150 184 514 223 430 467 291 928 648 763 0 741 
920 718 466 451 861 1133 688 1025 1086 702 309 1267 490 741 0 

0 1171 1108 615 1193 776 479 160 978 1026 532 326 660 1245 1063 
1171 0 325 556 714 675 868 1011 499 453 645 845 1057 170 108 
1108 325 0 493 1039 622 629 948 824 778 582 782 732 155 313 
615 556 493 0 1146 729 436 455 931 885 485 289 625 630 448 
1193 714 1039 1146 0 417 1582 1313 215 309 661 1053 1771 884 726 
776 675 622 729 417 0 1165 896 284 530 244 636 1354 749 567 
479 868 629 436 1582 1165 0 319 1367 1321 921 529 189 766 856 
160 1011 948 455 1313 896 319 0 1098 1052 652 260 500 1085 903 
978 499 824 931 215 284 1367 1098 0 246 446 838 1556 669 511 
1026 453 778 885 309 530 1321 1052 246 0 500 792 1510 623 465 
532 645 582 485 661 244 921 652 446 500 0 392 1110 719 537 
326 845 782 289 1053 636 529 260 838 792 392 0 718 919 737 
660 1057 732 625 1771 1354 189 500 1556 1510 1110 718 0 887 1045 
1245 170 155 630 884 749 766 1085 669 623 719 919 887 0 182 
1063 108 313 448 726 567 856 903 511 465 537 737 1045 182 0 

0 1000 787 833 631 599 611 589 1078 776 241 974 1099 821 708 
1000 0 231 955 881 425 625 495 100 416 1021 142 99 327 616 
787 231 0 910 836 194 580 450 309 371 790 187 330 96 571 
833 955 910 0 202 722 330 460 855 539 854 1097 874 944 339 
631 881 836 202 0 648 256 386 781 465 652 1023 800 870 265 
599 425 194 722 648 0 392 262 503 201 596 375 524 222 383 
611 625 580 330 256 392 0 130 525 209 632 767 544 614 97 
589 495 450 460 386 262 130 0 489 187 610 637 510 484 121 
1078 100 309 855 781 503 525 489 0 316 1099 242 21 405 516 
776 416 371 539 465 201 209 187 316 0 797 558 335 405 200 
241 1021 790 854 652 596 632 610 1099 797 0 899 1120 694 729 
974 142 187 1097 1023 375 767 637 242 558 899 0 223 205 758 
1099 99 330 874 800 524 544 510 21 335 1120 223 0 426 535 
821 327 96 944 870 222 614 484 405 405 694 205 426 0 605 
708 616 571 339 265 383 97 121 516 200 729 758 535 605 0 

0 493 341 673 421 606 618 839 146 752 146 937 804 416 948 
493 0 426 1058 606 781 1111 1332 639 1245 639 1430 1297 909 1441 
341 426 0 632 762 355 685 906 429 819 431 1004 871 483 1015 
673 1058 632 0 1094 277 557 460 761 361 763 372 839 613 587 
421 606 762 1094 0 1027 537 726 333 733 331 824 691 481 835 
606 781 355 277 1027 0 490 551 694 464 696 649 772 546 660 
618 1111 685 557 537 490 0 221 472 196 472 319 282 202 330 
839 1332 906 460 726 551 221 0 693 99 693 158 379 423 127 
146 639 429 761 333 694 472 693 0 606 2 791 658 270 802 
752 1245 819 361 733 464 196 99 606 0 606 185 478 336 226 
146 639 431 763 331 696 472 693 2 606 0 791 658 270 802 
937 1430 1004 372 824 649 319 158 791 185 791 0 537 521 285 
804 1297 871 839 691 772 282 379 658 478 658 537 0 388 252 
416 909 483 613 481 546 202 423 270 336 270 521 388 0 532 
948 1441 1015 587 835 660 330 127 802 226 802 285 252 532 0 

0 1221 1459 506 466 878 585 416 844 1144 847 1155 364 862 598 
1221 0 238 773 1017 343 636 805 395 451 374 444 1287 385 623 
1459 238 0 1011 1255 581 874 1043 615 503 612 496 1525 597 861 
506 773 1011 0 244 430 137 538 396 696 807 707 514 414 536 
466 1017 1255 244 0 674 381 498 640 940 767 951 270 658 496 
878 343 581 430 674 0 293 462 96 266 581 277 944 86 310 
585 636 874 137 381 293 0 437 259 559 706 570 651 277 435 
416 805 1043 538 498 462 437 0 428 728 431 739 482 446 182 
844 395 615 396 640 96 259 428 0 300 677 311 910 18 406 
1144 451 503 696 940 266 559 728 300 0 733 11 1210 282 546 
847 374 612 807 767 581 706 431 677 733 0 726 913 667 271 
1155 444 496 707 951 277 570 739 311 11 726 0 1221 293 557 
364 1287 1525 514 270 944 651 482 910 1210 913 1221 0 928 664 
862 385 597 414 658 86 277 446 18 282 667 293 928 0 396 
598 623 861 536 496 310 435 182 406 546 271 557 664 396 0 

0 630 932 1486 450 619 358 757 1031 1091 868 1043 1662 756 537 
630 0 1234 856 180 35 684 149 401 909 1194 895 1032 138 211 
932 1234 0 840 1122 1199 822 1085 1291 325 138 339 884 1096 1445 
1486 856 840 0 1036 867 1376 729 455 515 800 501 176 730 983 
450 180 1122 1036 0 169 572 307 581 797 1082 783 1212 306 323 
619 35 1199 867 169 0 649 138 412 874 1159 860 1043 137 246 
358 684 822 1376 572 649 0 647 921 981 684 933 1552 646 895 
757 149 1085 729 307 138 647 0 274 760 1045 746 905 11 360 
1031 401 1291 455 581 412 921 274 0 966 1251 952 631 275 528 
1091 909 325 515 797 874 981 760 966 0 297 48 571 771 1120 
868 1194 138 800 1082 1159 684 1045 1251 297 0 299 868 1056 1405 
1043 895 339 501 783 860 933 746 952 48 299 0 619 757 1106 
1662 1032 884 176 1212 1043 1552 905 631 571 868 619 0 906 1159 
756 138 1096 730 306 137 646 11 275 771 1056 757 906 0 349 
537 211 1445 983 323 246 895 360 528 1120 1405 1106 1159 349 0 

0 422 718 77 947 516 469 355 664 566 519 341 731 710 451 
422 0 1140 413 1369 330 891 671 1086 814 841 643 603 958 371 
718 1140 0 727 229 810 403 469 200 534 299 587 977 652 1169 
77 413 727 0 956 439 478 432 673 643 596 264 654 787 442 
947 1369 229 956 0 1039 478 698 285 763 528 726 892 881 1398 
516 330 810 439 1039 0 561 871 962 1082 1035 313 273 1226 639 
469 891 403 478 478 561 0 512 603 723 676 248 574 867 920 
355 671 469 432 698 871 512 0 415 211 170 696 1086 355 700 
664 1086 200 673 285 962 603 415 0 480 245 787 1177 598 1115 
566 814 534 643 763 1082 723 211 480 0 235 907 1297 144 635 
519 841 299 596 528 1035 676 170 245 235 0 860 1250 353 870 
341 643 587 264 726 313 248 696 787 907 860 0 390 1051 672 
731 603 977 654 892 273 574 1086 1177 1297 1250 390 0 1441 854 
710 958 652 787 881 1226 867 355 598 144 353 1051 1441 0 587 
451 371 1169 442 1398 639 920 700 1115 635 870 672 854 587 0 

0 971 777 762 718 1100 682 931 1364 489 535 730 917 766 914 
971 0 194 209 253 855 411 498 393 482 436 755 672 347 669 
777 194 0 15 59 775 491 418 587 288 242 835 592 267 589 
762 209 15 0 44 778 488 421 602 273 227 832 595 270 592 
718 253 59 44 0 748 518 391 646 263 183 862 565 240 562 
1100 855 775 778 748 0 1266 369 1070 1011 781 1610 183 508 186 
682 411 491 488 518 1266 0 909 682 255 485 344 1083 758 1080 
931 498 418 421 391 369 909 0 713 654 424 1253 282 165 465 
1364 393 587 602 646 1070 682 713 0 875 829 634 887 598 898 
489 482 288 273 263 1011 255 654 875 0 230 599 828 503 825 
535 436 242 227 183 781 485 424 829 230 0 829 598 273 595 
730 755 835 832 862 1610 344 1253 634 599 829 0 1427 1102 1424 
917 672 592 595 565 183 1083 282 887 828 598 1427 0 325 183 
766 347 267 270 240 508 758 165 598 503 273 1102 325 0 322 
914 669 589 592 562 186 1080 465 898 825 595 1424 183 322 0 

0 485 793 561 317 248 532 950 1007 649 443 858 145 352 480 
485 0 374 202 802 521 951 531 588 164 310 439 616 771 899 
793 374 0 232 1110 545 719 905 962 254 350 813 924 561 555 
561 202 232 0 878 319 749 733 790 88 118 641 692 569 697 
317 802 1110 878 0 565 811 671 728 966 760 859 424 631 759 
248 521 545 319 565 0 430 1052 1109 401 211 960 379 250 378 
532 951 719 749 811 430 0 1482 1539 831 641 1390 387 180 164 
950 531 905 733 671 1052 1482 0 217 651 841 440 1095 1302 1430 
1007 588 962 790 728 1109 1539 217 0 708 898 223 1152 1359 1487 
649 164 254 88 966 401 831 651 708 0 206 559 780 651 779 
443 310 350 118 760 211 641 841 898 206 0 749 574 461 589 
858 439 813 641 859 960 1390 440 223 559 749 0 1003 1210 1338 
145 616 924 692 424 379 387 1095 1152 780 574 1003 0 363 369 
352 771 561 569 631 250 180 1302 1359 651 461 1210 363 0 128 
480 899 555 697 759 378 164 1430 1487 779 589 1338 369 128 0 

0 378 700 254 708 441 409 486 489 799 707 482 508 94 595 
378 0 322 146 522 63 755 166 745 453 1053 860 188 356 499 
700 322 0 468 844 259 711 488 1067 765 989 1182 192 678 435 
254 146 468 0 454 209 663 232 599 545 961 714 276 210 407 
708 522 844 454 0 585 1117 356 223 91 1415 1072 652 614 861 
441 63 259 209 585 0 730 229 808 506 1028 923 163 419 474 
409 755 711 663 1117 730 0 895 898 1208 298 471 567 503 606 
486 166 488 232 356 229 895 0 579 313 1193 850 328 392 639 
489 745 1067 599 223 808 898 579 0 310 1196 853 875 395 962 
799 453 765 545 91 506 1208 313 310 0 1506 1163 641 705 952 
707 1053 989 961 1415 1028 298 1193 1196 1506 0 685 865 801 554 
482 860 1182 714 1072 923 471 850 853 1163 685 0 990 504 1077 
508 188 192 276 652 163 567 328 875 641 865 990 0 486 311 
94 356 678 210 614 419 503 392 395 705 801 504 486 0 573 
595 499 435 407 861 474 606 639 962 952 554 1077 311 573 0 

0 753 1303 730 881 1043 635 253 626 368 1243 442 259 409 966 
753 0 550 253 164 512 900 1006 591 627 490 621 936 1162 333 
1303 550 0 573 422 260 668 1556 1141 1177 60 861 1144 1712 883 
730 253 573 0 151 313 647 983 568 604 513 368 683 1139 542 
881 164 422 151 0 348 736 1134 719 755 362 457 772 1290 461 
1043 512 260 313 348 0 408 1296 881 917 200 601 884 1452 801 
635 900 668 647 736 408 0 888 849 591 608 279 476 1044 1189 
253 1006 1556 983 1134 1296 888 0 595 379 1496 695 412 182 935 
626 591 1141 568 719 881 849 595 0 258 1081 570 885 571 340 
368 627 1177 604 755 917 591 379 258 0 1117 316 627 535 598 
1243 490 60 513 362 200 608 1496 1081 1117 0 801 1084 1652 823 
442 621 861 368 457 601 279 695 570 316 801 0 315 851 910 
259 936 1144 683 772 884 476 412 885 627 1084 315 0 568 1225 
409 1162 1712 1139 1290 1452 1044 182 571 535 1652 851 568 0 829 
966 333 883 542 461 801 1189 935 340 598 823 910 1225 829 0 

0 663 1123 779 365 529 256 952 529 633 1036 1128 400 399 884 
663 0 782 464 590 748 551 473 658 510 373 465 263 466 221 
1123 782 0 344 758 1530 867 1255 594 1292 743 807 959 1248 623 
779 464 344 0 414 1186 523 911 250 948 837 929 615 904 685 
365 590 758 414 0 772 109 879 164 560 963 1055 327 490 811 
529 748 1530 1186 772 0 663 423 936 238 787 1065 571 282 907 
256 551 867 523 109 663 0 840 273 521 924 1016 288 381 772 
952 473 1255 911 879 423 840 0 947 319 512 790 552 553 632 
529 658 594 250 164 936 273 947 0 698 1031 1123 395 654 879 
633 510 1292 948 560 238 521 319 698 0 549 827 333 234 669 
1036 373 743 837 963 787 924 512 1031 549 0 278 636 637 152 
1128 465 807 929 1055 1065 1016 790 1123 827 278 0 728 783 244 
400 263 959 615 327 571 288 552 395 333 636 728 0 289 484 
399 466 1248 904 490 282 381 553 654 234 637 783 289 0 625 
884 221 623 685 811 907 772 632 879 669 152 244 484 625 0 

0 1126 816 693 1127 1191 340 127 819 842 641 341 659 657 161 
1126 0 474 433 203 485 788 999 831 748 629 785 467 597 997 
816 474 0 451 311 375 802 689 357 1222 1103 501 157 1071 687 
693 433 451 0 434 498 355 566 808 771 652 352 444 620 564 
1127 203 311 434 0 282 789 1000 628 951 832 786 468 800 998 
1191 485 375 498 282 0 853 1064 448 1233 1114 850 532 1082 1062 
340 788 802 355 789 853 0 413 1159 504 301 301 795 319 501 
127 999 689 566 1000 1064 413 0 746 833 714 214 532 682 88 
819 831 357 808 628 448 1159 746 0 1579 1460 858 364 1428 658 
842 748 1222 771 951 1233 504 833 1579 0 219 721 1215 185 921 
641 629 1103 652 832 1114 301 714 1460 219 0 602 1096 34 802 
341 785 501 352 786 850 301 214 858 721 602 0 494 570 212 
659 467 157 444 468 532 795 532 364 1215 1096 494 0 1064 530 
657 597 1071 620 800 1082 319 682 1428 185 34 570 1064 0 770 
161 997 687 564 998 1062 501 88 658 921 802 212 530 770 0 

0 718 693 798 1095 893 896 1269 320 1126 792 710 1092 1556 932 
718 0 25 200 505 175 812 551 398 408 528 734 696 838 214 
693 25 0 201 506 200 813 576 373 433 527 733 695 863 239 
798 200 201 0 305 309 612 533 478 532 728 934 896 758 294 
1095 505 506 305 0 614 307 838 775 837 1033 1239 1201 775 599 
893 175 200 309 614 0 921 376 573 233 419 625 587 663 39 
896 812 813 612 307 921 0 1145 866 1144 1340 1546 1508 1082 906 
1269 551 576 533 838 376 1145 0 949 143 477 559 363 287 337 
320 398 373 478 775 573 866 949 0 806 474 680 772 1236 612 
1126 408 433 532 837 233 1144 143 806 0 334 416 364 430 238 
792 528 527 728 1033 419 1340 477 474 334 0 206 300 764 434 
710 734 733 934 1239 625 1546 559 680 416 206 0 382 846 640 
1092 696 695 896 1201 587 1508 363 772 364 300 382 0 464 602 
1556 838 863 758 775 663 1082 287 1236 430 764 846 464 0 624 
932 214 239 294 599 39 906 337 612 238 434 640 602 624 0 

0 1041 278 1118 818 940 863 725 644 176 390 400 736 407 978 
1041 0 763 223 223 321 514 1342 1037 1217 651 1033 1129 714 85 
278 763 0 840 540 762 955 933 852 454 118 608 944 199 700 
1118 223 840 0 300 178 291 1419 1114 1294 728 1110 1206 863 140 
818 223 540 300 0 354 547 1119 814 994 428 810 906 607 160 
940 321 762 178 354 0 193 1241 936 1116 644 932 1028 961 236 
863 514 955 291 547 193 0 1164 859 1039 837 855 951 1154 429 
725 1342 933 1419 1119 1241 1164 0 305 739 815 325 213 1132 1279 
644 1037 852 1114 814 936 859 305 0 658 734 244 92 1051 974 
176 1217 454 1294 994 1116 1039 739 658 0 566 414 750 503 1154 
390 651 118 728 428 644 837 815 734 566 0 490 826 317 588 
400 1033 608 1110 810 932 855 325 244 414 490 0 336 807 970 
736 1129 944 1206 906 1028 951 213 92 750 826 336 0 1143 1066 
407 714 199 863 607 961 1154 1132 1051 503 317 807 1143 0 725 
978 85 700 140 160 236 429 1279 974 1154 588 970 1066 725 0 

0 577 167 625 447 466 420 308 237 137 280 476 842 473 525 
577 0 744 1202 186 955 271 605 394 494 769 147 459 648 588 
167 744 0 458 614 523 473 475 404 304 337 643 1009 640 468 
625 1202 458 0 1072 393 931 933 862 762 659 1101 1467 1098 614 
447 186 614 1072 0 769 141 419 210 310 583 39 395 462 458 
466 955 523 393 769 0 886 618 561 461 344 808 1152 783 991 
420 271 473 931 141 886 0 536 325 425 700 170 536 579 317 
308 605 475 933 419 618 536 0 211 171 274 458 534 165 641 
237 394 404 862 210 561 325 211 0 100 375 247 605 254 430 
137 494 304 762 310 461 425 171 100 0 275 347 705 336 530 
280 769 337 659 583 344 700 274 375 275 0 622 808 439 805 
476 147 643 1101 39 808 170 458 247 347 622 0 366 501 487 
842 459 1009 1467 395 1152 536 534 605 705 808 366 0 369 853 
473 648 640 1098 462 783 579 165 254 336 439 501 369 0 684 
525 588 468 614 458 991 317 641 430 530 805 487 853 684 0 

0 250 880 917 1103 1453 694 1000 456 975 464 920 1325 987 463 
250 0 630 939 853 1203 766 1074 274 943 538 994 1075 1061 213 
880 630 0 697 357 573 524 832 424 701 460 752 445 819 429 
917 939 697 0 340 536 223 135 665 58 497 649 576 122 1126 
1103 853 357 340 0 350 409 475 647 344 683 835 236 462 786 
1453 1203 573 536 350 0 759 611 997 480 1033 1185 128 646 990 
694 766 524 223 409 759 0 308 492 281 274 426 631 295 953 
1000 1074 832 135 475 611 308 0 800 131 536 594 711 55 1261 
456 274 424 665 647 997 492 800 0 669 264 720 869 787 461 
975 943 701 58 344 480 281 131 669 0 555 707 580 168 1130 
464 538 460 497 683 1033 274 536 264 555 0 456 905 523 725 
920 994 752 649 835 1185 426 594 720 707 456 0 1057 539 1181 
1325 1075 445 576 236 128 631 711 869 580 905 1057 0 698 862 
987 1061 819 122 462 646 295 55 787 168 523 539 698 0 1248 
463 213 429 1126 786 990 953 1261 461 1130 725 1181 862 1248 0 

0 349 609 892 551 821 209 665 784 140 680 772 245 338 471 
349 0 932 1215 874 1144 332 988 1107 463 1003 1095 594 265 794 
609 932 0 283 276 296 818 304 357 469 265 403 780 947 230 
892 1215 283 0 469 103 1101 227 164 752 458 210 1063 1230 421 
551 874 276 469 0 572 760 580 633 411 129 679 722 889 506 
821 1144 296 103 572 0 1030 156 61 681 561 107 992 1159 350 
209 332 818 1101 760 1030 0 874 993 349 889 981 262 129 680 
665 988 304 227 580 156 874 0 119 525 569 107 836 1003 194 
784 1107 357 164 633 61 993 119 0 644 622 46 955 1122 313 
140 463 469 752 411 681 349 525 644 0 540 632 339 478 331 
680 1003 265 458 129 561 889 569 622 540 0 668 851 1018 495 
772 1095 403 210 679 107 981 107 46 632 668 0 943 1110 301 
245 594 780 1063 722 992 262 836 955 339 851 943 0 329 642 
338 265 947 1230 889 1159 129 1003 1122 478 1018 1110 329 0 809 
471 794 230 421 506 350 680 194 313 331 495 301 642 809 0 

0 1106 266 608 515 741 1357 803 282 915 903 710 1182 935 624 
1106 0 884 498 629 365 251 1123 824 595 263 396 128 915 482 
266 884 0 386 575 519 1135 1069 474 649 681 488 960 861 402 
608 498 386 0 563 133 749 1057 462 661 329 408 574 849 162 
515 629 575 563 0 686 842 494 233 1224 892 971 757 420 401 
741 365 519 133 686 0 616 1180 585 538 206 285 441 972 285 
1357 251 1135 749 842 616 0 1076 1075 642 454 647 175 868 733 
803 1123 1069 1057 494 1180 1076 0 595 1718 1386 1465 1251 208 895 
282 824 474 462 233 585 1075 595 0 1123 791 870 900 653 342 
915 595 649 661 1224 538 642 1718 1123 0 332 253 467 1510 823 
903 263 681 329 892 206 454 1386 791 332 0 193 279 1178 491 
710 396 488 408 971 285 647 1465 870 253 193 0 472 1257 570 
1182 128 960 574 757 441 175 1251 900 467 279 472 0 1043 558 
935 915 861 849 420 972 868 208 653 1510 1178 1257 1043 0 687 
624 482 402 162 401 285 733 895 342 823 491 570 558 687 0 

0 806 934 1059 1269 1258 762 1171 678 1550 852 911 919 956 206 
806 0 724 365 463 452 222 665 716 744 438 521 341 298 600 
934 724 0 1089 335 594 946 237 256 616 286 203 383 1022 728 
1059 365 1089 0 792 495 297 1030 1081 987 803 886 706 103 853 
1269 463 335 792 0 297 649 238 591 281 417 358 350 725 1063 
1258 452 594 495 297 0 496 535 586 492 406 391 339 428 1052 
762 222 946 297 649 496 0 887 938 844 660 743 563 194 556 
1171 665 237 1030 238 535 887 0 493 379 319 260 324 963 965 
678 716 256 1081 591 586 938 493 0 872 278 233 375 1014 472 
1550 744 616 987 281 492 844 379 872 0 698 639 631 920 1344 
852 438 286 803 417 406 660 319 278 698 0 83 97 736 646 
911 521 203 886 358 391 743 260 233 639 83 0 180 819 705 
919 341 383 706 350 339 563 324 375 631 97 180 0 639 713 
956 298 1022 103 725 428 194 963 1014 920 736 819 639 0 750 
206 600 728 853 1063 1052 556 965 472 1344 646 705 713 750 0 

