0 127 560 951 607 846 387 782 291 438 437 952 935 946 738 
127 0 587 978 634 873 360 809 264 565 464 979 808 819 765 
560 587 0 475 47 414 947 740 851 264 369 944 1225 1236 398 
951 978 475 0 480 105 1338 265 1242 655 514 469 750 837 213 
607 634 47 480 0 419 994 745 898 311 374 949 1230 1241 403 
846 873 414 105 419 0 1233 326 1137 562 409 530 811 822 108 
387 360 947 1338 994 1233 0 1169 148 701 824 1339 936 683 1125 
782 809 740 265 745 326 1169 0 1073 888 371 204 485 668 342 
291 264 851 1242 898 1137 148 1073 0 587 728 1243 840 831 1029 
438 565 264 655 311 562 701 888 587 0 517 1092 1373 1384 546 
437 464 369 514 374 409 824 371 728 517 0 575 856 867 301 
952 979 944 469 949 530 1339 204 1243 1092 575 0 403 838 546 
935 808 1225 750 1230 811 936 485 840 1373 856 403 0 435 827 
946 819 1236 837 1241 822 683 668 831 1384 867 838 435 0 838 
738 765 398 213 403 108 1125 342 1029 546 301 546 827 838 0 

0 607 672 923 1280 1016 507 238 436 258 1037 655 872 365 612 
607 0 373 316 673 763 550 705 269 761 784 908 265 242 523 
672 373 0 251 608 1136 177 770 236 826 1157 535 356 307 150 
923 316 251 0 357 951 416 1021 487 1077 972 720 171 558 335 
1280 673 608 357 0 962 773 1378 844 1434 983 855 408 915 668 
1016 763 1136 951 962 0 1313 778 1032 758 85 1671 780 989 1286 
507 550 177 416 773 1313 0 605 281 661 1334 358 533 324 105 
238 705 770 1021 1378 778 605 0 534 56 799 893 970 463 710 
436 269 236 487 844 1032 281 534 0 590 1053 639 436 71 254 
258 761 826 1077 1434 758 661 56 590 0 779 913 1026 519 766 
1037 784 1157 972 983 85 1334 799 1053 779 0 1692 801 1010 1307 
655 908 535 720 855 1671 358 893 639 913 1692 0 891 682 385 
872 265 356 171 408 780 533 970 436 1026 801 891 0 507 506 
365 242 307 558 915 989 324 463 71 519 1010 682 507 0 297 
612 523 150 335 668 1286 105 710 254 766 1307 385 506 297 0 

0 762 645 695 778 689 111 926 641 903 125 131 727 398 378 
762 0 845 1071 906 239 763 1688 1403 1665 637 709 1489 834 494 
645 845 0 1340 133 772 534 843 932 820 640 776 644 1043 409 
695 1071 1340 0 1473 998 806 627 408 738 700 564 742 297 1073 
778 906 133 1473 0 833 667 846 1065 759 773 909 731 1176 470 
689 239 772 998 833 0 690 1615 1330 1592 564 636 1416 761 363 
111 763 534 806 667 690 0 925 640 902 126 242 726 509 327 
926 1688 843 627 846 1615 925 0 285 111 1051 979 199 854 1252 
641 1403 932 408 1065 1330 640 285 0 330 766 694 334 569 967 
903 1665 820 738 759 1592 902 111 330 0 1028 956 176 831 1229 
125 637 640 700 773 564 126 1051 766 1028 0 136 852 403 373 
131 709 776 564 909 636 242 979 694 956 136 0 780 267 509 
727 1489 644 742 731 1416 726 199 334 176 852 780 0 655 1053 
398 834 1043 297 1176 761 509 854 569 831 403 267 655 0 776 
378 494 409 1073 470 363 327 1252 967 1229 373 509 1053 776 0 

0 955 1176 272 254 251 821 1111 505 656 819 1645 1358 1314 796 
955 0 529 953 991 720 1220 404 608 1363 576 690 815 359 253 
1176 529 0 904 1212 941 691 933 671 834 797 469 286 358 618 
272 953 904 0 500 497 549 1357 345 410 1065 1373 1086 1042 1042 
254 991 1212 500 0 271 857 857 541 910 565 1681 1394 1350 738 
251 720 941 497 271 0 764 860 270 907 568 1410 1123 1079 545 
821 1220 691 549 857 764 0 1624 612 239 1332 824 537 1049 1309 
1111 404 933 1357 857 860 1624 0 1012 1767 400 946 1219 575 315 
505 608 671 345 541 270 612 1012 0 755 720 1140 853 809 697 
656 1363 834 410 910 907 239 1767 755 0 1475 1063 776 1192 1452 
819 576 797 1065 565 568 1332 400 720 1475 0 1266 979 935 323 
1645 690 469 1373 1681 1410 824 946 1140 1063 1266 0 287 371 943 
1358 815 286 1086 1394 1123 537 1219 853 776 979 287 0 644 904 
1314 359 358 1042 1350 1079 1049 575 809 1192 935 371 644 0 612 
796 253 618 1042 738 545 1309 315 697 1452 323 943 904 612 0 

0 1024 267 784 584 520 313 388 986 319 839 667 628 567 874 
1024 0 1161 756 440 926 1337 636 176 705 261 1073 396 801 478 
267 1161 0 921 721 535 508 609 1123 456 976 620 855 834 1011 
784 756 921 0 728 386 1097 692 580 465 1017 317 938 917 278 
584 440 721 728 0 898 897 196 402 341 289 1045 210 361 450 
520 926 535 386 898 0 761 862 750 557 1187 147 1108 1087 476 
313 1337 508 1097 897 761 0 701 1299 632 1152 908 941 536 1187 
388 636 609 692 196 862 701 0 598 305 451 1009 246 225 486 
986 176 1123 580 402 750 1299 598 0 667 437 897 358 763 302 
319 705 456 465 341 557 632 305 667 0 630 704 551 530 555 
839 261 976 1017 289 1187 1152 451 437 630 0 1334 211 616 739 
667 1073 620 317 1045 147 908 1009 897 704 1334 0 1255 1234 595 
628 396 855 938 210 1108 941 246 358 551 211 1255 0 405 660 
567 801 834 917 361 1087 536 225 763 530 616 1234 405 0 651 
874 478 1011 278 450 476 1187 486 302 555 739 595 660 651 0 

0 1151 392 393 402 907 802 724 259 1331 507 1040 871 699 747 
1151 0 1243 758 749 588 831 427 1126 180 644 625 280 1078 606 
392 1243 0 645 494 999 412 816 133 1423 599 1132 963 307 639 
393 758 645 0 289 982 1055 697 512 938 368 1019 478 952 1000 
402 749 494 289 0 693 766 408 377 929 105 730 469 663 711 
907 588 999 982 693 0 587 285 882 440 614 133 548 834 360 
802 831 412 1055 766 587 0 404 543 1011 687 720 621 247 227 
724 427 816 697 408 285 404 0 699 607 329 322 263 651 303 
259 1126 133 512 377 882 543 699 0 1306 482 1015 846 440 522 
1331 180 1423 938 929 440 1011 607 1306 0 824 477 460 1258 784 
507 644 599 368 105 614 687 329 482 824 0 651 364 584 632 
1040 625 1132 1019 730 133 720 322 1015 477 651 0 585 967 493 
871 280 963 478 469 548 621 263 846 460 364 585 0 798 566 
699 1078 307 952 663 834 247 651 440 1258 584 967 798 0 474 
747 606 639 1000 711 360 227 303 522 784 632 493 566 474 0 

0 552 1221 454 55 309 879 485 657 259 1140 316 518 1130 606 
552 0 669 98 497 861 595 129 875 293 588 868 504 578 120 
1221 669 0 767 1166 1530 390 736 670 962 85 1537 703 199 615 
454 98 767 0 399 763 611 113 891 261 686 770 520 676 152 
55 497 1166 399 0 364 824 430 602 204 1085 371 463 1075 551 
309 861 1530 763 364 0 1188 794 966 568 1449 49 827 1439 915 
879 595 390 611 824 1188 0 724 280 620 305 1195 361 251 715 
485 129 736 113 430 794 724 0 1004 374 655 801 633 645 121 
657 875 670 891 602 966 280 1004 0 630 585 973 371 473 995 
259 293 962 261 204 568 620 374 630 0 881 575 259 871 365 
1140 588 85 686 1085 1449 305 655 585 881 0 1456 622 114 534 
316 868 1537 770 371 49 1195 801 973 575 1456 0 834 1446 922 
518 504 703 520 463 827 361 633 371 259 622 834 0 612 624 
1130 578 199 676 1075 1439 251 645 473 871 114 1446 612 0 524 
606 120 615 152 551 915 715 121 995 365 534 922 624 524 0 

0 508 733 663 700 281 473 490 271 688 744 708 530 81 1238 
508 0 1085 155 1052 483 825 150 779 1040 1252 1216 1028 589 1590 
733 1085 0 930 757 602 260 935 678 645 655 619 431 806 505 
663 155 930 0 897 382 782 173 934 885 1407 1371 1183 744 1435 
700 1052 757 897 0 569 787 902 939 112 1412 1376 1188 773 538 
281 483 602 382 569 0 400 333 552 557 1025 989 801 362 1107 
473 825 260 782 787 400 0 675 418 675 625 589 401 546 765 
490 150 935 173 902 333 675 0 761 890 1234 1198 1010 571 1440 
271 779 678 934 939 552 418 761 0 827 473 437 475 190 1183 
688 1040 645 885 112 557 675 890 827 0 1300 1264 1076 761 550 
744 1252 655 1407 1412 1025 625 1234 473 1300 0 36 258 663 1000 
708 1216 619 1371 1376 989 589 1198 437 1264 36 0 224 627 964 
530 1028 431 1183 1188 801 401 1010 475 1076 258 224 0 603 776 
81 589 806 744 773 362 546 571 190 761 663 627 603 0 1311 
1238 1590 505 1435 538 1107 765 1440 1183 550 1000 964 776 1311 0 

0 1040 918 768 1245 142 471 748 543 326 1186 203 1190 1135 171 
1040 0 892 272 855 1088 569 1458 1399 1208 172 837 866 1139 1009 
918 892 0 652 327 776 789 566 507 592 1038 1033 272 247 1089 
768 272 652 0 979 816 297 1186 1127 936 418 565 924 869 737 
1245 855 327 979 0 1103 1116 603 702 919 1001 1360 55 284 1416 
142 1088 776 816 1103 0 519 606 401 184 1234 257 1048 993 313 
471 569 789 297 1116 519 0 889 830 639 715 268 1061 1006 440 
748 1458 566 1186 603 606 889 0 205 422 1604 863 592 387 919 
543 1399 507 1127 702 401 830 205 0 217 1545 658 647 592 714 
326 1208 592 936 919 184 639 422 217 0 1354 441 864 809 497 
1186 172 1038 418 1001 1234 715 1604 1545 1354 0 983 1012 1285 1155 
203 837 1033 565 1360 257 268 863 658 441 983 0 1305 1250 172 
1190 866 272 924 55 1048 1061 592 647 864 1012 1305 0 273 1361 
1135 1139 247 869 284 993 1006 387 592 809 1285 1250 273 0 1306 
171 1009 1089 737 1416 313 440 919 714 497 1155 172 1361 1306 0 

0 430 797 643 508 490 847 1003 1239 1638 1762 1603 578 1066 253 
430 0 927 469 378 96 417 573 809 1208 1332 1173 448 900 271 
797 927 0 1396 1305 831 658 528 1250 893 1017 950 1375 321 1050 
643 469 1396 0 159 565 738 868 596 995 1119 960 153 1369 484 
508 378 1305 159 0 474 647 777 755 1154 1278 1119 70 1278 325 
490 96 831 565 474 0 357 513 749 1148 1272 1113 544 804 331 
847 417 658 738 647 357 0 156 592 791 915 756 717 631 688 
1003 573 528 868 777 513 156 0 722 635 759 600 847 501 844 
1239 809 1250 596 755 749 592 722 0 399 523 364 749 1223 1080 
1638 1208 893 995 1154 1148 791 635 399 0 124 91 1148 832 1479 
1762 1332 1017 1119 1278 1272 915 759 523 124 0 191 1272 732 1603 
1603 1173 950 960 1119 1113 756 600 364 91 191 0 1113 923 1444 
578 448 1375 153 70 544 717 847 749 1148 1272 1113 0 1348 331 
1066 900 321 1369 1278 804 631 501 1223 832 732 923 1348 0 1023 
253 271 1050 484 325 331 688 844 1080 1479 1603 1444 331 1023 0 

0 957 410 606 827 484 444 1372 648 650 651 654 493 956 237 
957 0 607 1005 240 1441 1401 415 309 483 306 1115 1300 177 816 
410 607 0 1016 779 834 794 1022 570 300 329 1064 903 606 647 
606 1005 1016 0 875 436 396 1420 696 960 699 110 295 1004 369 
827 240 779 875 0 1311 1271 545 209 723 450 985 1170 417 686 
484 1441 834 436 1311 0 40 1856 1132 1134 1135 344 183 1440 625 
444 1401 794 396 1271 40 0 1816 1092 1094 1095 312 151 1400 585 
1372 415 1022 1420 545 1856 1816 0 724 722 721 1530 1715 416 1231 
648 309 570 696 209 1132 1092 724 0 514 241 806 991 308 507 
650 483 300 960 723 1134 1094 722 514 0 273 1008 993 306 591 
651 306 329 699 450 1135 1095 721 241 273 0 809 994 305 510 
654 1115 1064 110 985 344 312 1530 806 1008 809 0 185 1114 417 
493 1300 903 295 1170 183 151 1715 991 993 994 185 0 1299 484 
956 177 606 1004 417 1440 1400 416 308 306 305 1114 1299 0 815 
237 816 647 369 686 625 585 1231 507 591 510 417 484 815 0 

0 633 953 331 147 1009 662 370 118 685 561 295 160 972 328 
633 0 320 964 622 614 211 263 751 174 690 338 473 339 961 
953 320 0 1284 942 686 291 583 1071 268 658 658 793 233 1281 
331 964 1284 0 342 1034 993 701 213 1016 892 626 491 1303 323 
147 622 942 342 0 1156 651 491 265 674 550 284 255 961 445 
1009 614 686 1034 1156 0 825 665 891 788 1304 948 901 879 711 
662 211 291 993 651 825 0 292 780 37 479 367 502 310 990 
370 263 583 701 491 665 292 0 488 315 639 283 236 602 698 
118 751 1071 213 265 891 780 488 0 803 679 413 278 1090 210 
685 174 268 1016 674 788 37 315 803 0 516 390 525 287 1013 
561 690 658 892 550 1304 479 639 679 516 0 356 403 425 889 
295 338 658 626 284 948 367 283 413 390 356 0 135 677 623 
160 473 793 491 255 901 502 236 278 525 403 135 0 812 488 
972 339 233 1303 961 879 310 602 1090 287 425 677 812 0 1300 
328 961 1281 323 445 711 990 698 210 1013 889 623 488 1300 0 

0 1116 998 436 570 720 856 484 1177 817 919 423 642 572 599 
1116 0 610 1552 832 588 414 958 127 475 685 843 474 544 517 
998 610 0 1434 428 278 992 790 483 181 79 725 604 638 399 
436 1552 1434 0 1006 1156 1138 884 1613 1253 1355 709 1078 1008 1035 
570 832 428 1006 0 244 1214 362 705 357 349 781 826 860 529 
720 588 278 1156 244 0 970 512 461 113 199 537 582 616 285 
856 414 992 1138 1214 970 0 1340 509 857 1067 433 388 354 685 
484 958 790 884 362 512 1340 0 969 609 711 907 952 986 655 
1177 127 483 1613 705 461 509 969 0 360 558 904 535 605 578 
817 475 181 1253 357 113 857 609 360 0 210 544 469 503 218 
919 685 79 1355 349 199 1067 711 558 210 0 646 679 713 382 
423 843 725 709 781 537 433 907 904 544 646 0 369 299 326 
642 474 604 1078 826 582 388 952 535 469 679 369 0 70 297 
572 544 638 1008 860 616 354 986 605 503 713 299 70 0 331 
599 517 399 1035 529 285 685 655 578 218 382 326 297 331 0 

0 692 342 1027 581 607 997 401 284 623 432 529 145 466 727 
692 0 1034 635 569 85 1515 919 976 69 950 163 547 984 1245 
342 1034 0 1369 923 949 1013 447 260 965 448 871 487 482 743 
1027 635 1369 0 446 656 880 922 1311 696 1233 612 882 887 898 
581 569 923 446 0 590 946 476 865 630 787 546 436 441 676 
607 85 949 656 590 0 1536 940 891 40 971 78 480 1005 1266 
997 1515 1013 880 946 1536 0 596 753 1576 565 1492 1056 531 270 
401 919 447 922 476 940 596 0 389 980 311 896 460 65 326 
284 976 260 1311 865 891 753 389 0 907 188 813 429 424 483 
623 69 965 696 630 40 1576 980 907 0 1011 94 520 1045 1306 
432 950 448 1233 787 971 565 311 188 1011 0 927 491 346 335 
529 163 871 612 546 78 1492 896 813 94 927 0 436 961 1222 
145 547 487 882 436 480 1056 460 429 520 491 436 0 525 786 
466 984 482 887 441 1005 531 65 424 1045 346 961 525 0 261 
727 1245 743 898 676 1266 270 326 483 1306 335 1222 786 261 0 

0 274 230 680 314 221 712 803 709 959 501 860 800 679 1156 
274 0 44 936 454 495 572 663 569 819 361 1134 1074 701 1016 
230 44 0 892 444 451 582 673 579 829 371 1090 1030 657 1026 
680 936 892 0 994 571 1218 943 557 435 693 404 418 235 758 
314 454 444 994 0 423 1026 1117 1023 1273 815 684 624 993 1470 
221 495 451 571 423 0 777 694 600 850 392 639 579 570 1047 
712 572 582 1218 1026 777 0 275 661 783 525 1416 1356 983 460 
803 663 673 943 1117 694 275 0 386 508 302 1141 1081 708 353 
709 569 579 557 1023 600 661 386 0 250 208 755 695 322 447 
959 819 829 435 1273 850 783 508 250 0 458 683 697 280 323 
501 361 371 693 815 392 525 302 208 458 0 891 831 458 655 
860 1134 1090 404 684 639 1416 1141 755 683 891 0 60 433 956 
800 1074 1030 418 624 579 1356 1081 695 697 831 60 0 417 896 
679 701 657 235 993 570 983 708 322 280 458 433 417 0 523 
1156 1016 1026 758 1470 1047 460 353 447 323 655 956 896 523 0 

0 819 483 750 501 197 731 179 968 657 1315 405 422 505 579 
819 0 336 69 504 622 828 640 149 754 496 502 397 314 676 
483 336 0 267 274 286 598 304 485 524 832 272 347 410 446 
750 69 267 0 527 553 851 571 218 777 565 525 328 245 699 
501 504 274 527 0 304 324 322 571 250 814 126 621 684 172 
197 622 286 553 304 0 594 18 771 520 1118 268 351 414 442 
731 828 598 851 324 594 0 604 895 74 924 326 945 1008 152 
179 640 304 571 322 18 604 0 789 530 1136 278 341 404 452 
968 149 485 218 571 771 895 789 0 821 347 593 546 463 743 
657 754 524 777 250 520 74 530 821 0 964 252 871 934 126 
1315 496 832 565 814 1118 924 1136 347 964 0 940 893 810 838 
405 502 272 525 126 268 326 278 593 252 940 0 619 682 174 
422 397 347 328 621 351 945 341 546 871 893 619 0 83 793 
505 314 410 245 684 414 1008 404 463 934 810 682 83 0 856 
579 676 446 699 172 442 152 452 743 126 838 174 793 856 0 

0 750 592 797 132 756 475 225 825 376 954 318 860 930 1139 
750 0 504 287 882 50 275 975 737 456 866 432 772 292 1051 
592 504 0 537 470 496 361 585 493 216 362 538 268 670 547 
797 287 537 0 929 237 322 1022 450 503 579 479 537 133 874 
132 882 470 929 0 888 607 115 885 426 832 450 738 1062 1017 
756 50 496 237 888 0 281 981 687 462 816 438 722 242 1001 
475 275 361 322 607 281 0 700 594 181 723 177 629 455 908 
225 975 585 1022 115 981 700 0 978 519 947 543 853 1155 1132 
825 737 493 450 885 687 594 978 0 459 465 771 493 445 830 
376 456 216 503 426 462 181 519 459 0 578 322 484 636 763 
954 866 362 579 832 816 723 947 465 578 0 900 94 642 365 
318 432 538 479 450 438 177 543 771 322 900 0 806 612 1085 
860 772 268 537 738 722 629 853 493 484 94 806 0 670 337 
930 292 670 133 1062 242 455 1155 445 636 642 612 670 0 1007 
1139 1051 547 874 1017 1001 908 1132 830 763 365 1085 337 1007 0 

0 641 806 686 488 146 506 818 491 426 256 488 731 845 533 
641 0 893 739 1027 495 1147 519 428 725 801 1129 1372 824 178 
806 893 0 154 318 662 528 498 935 1232 1062 892 487 69 785 
686 739 154 0 288 542 408 344 815 1112 942 772 633 159 631 
488 1027 318 288 0 532 210 632 877 914 744 574 345 357 919 
146 495 662 542 532 0 652 674 345 570 400 634 877 701 387 
506 1147 528 408 210 652 0 752 997 704 534 364 225 567 1039 
818 519 498 344 632 674 752 0 947 1244 1074 904 977 429 697 
491 428 935 815 877 345 997 947 0 389 651 979 1222 974 250 
426 725 1232 1112 914 570 704 1244 389 0 262 590 833 1271 547 
256 801 1062 942 744 400 534 1074 651 262 0 328 575 1101 693 
488 1129 892 772 574 634 364 904 979 590 328 0 405 931 1021 
731 1372 487 633 345 877 225 977 1222 833 575 405 0 548 1264 
845 824 69 159 357 701 567 429 974 1271 1101 931 548 0 724 
533 178 785 631 919 387 1039 697 250 547 693 1021 1264 724 0 

0 510 334 1182 438 143 895 397 409 758 1281 244 435 1152 236 
510 0 176 672 72 639 521 265 277 626 771 276 75 642 322 
334 176 0 848 104 463 561 163 175 524 947 378 109 818 424 
1182 672 848 0 744 1311 765 793 809 870 99 938 747 30 946 
438 72 104 744 0 567 473 217 229 578 843 324 55 714 370 
143 639 463 1311 567 0 1024 518 502 615 1410 373 564 1281 365 
895 521 561 765 473 1024 0 506 522 427 692 797 528 791 843 
397 265 163 793 217 518 506 0 16 361 892 541 272 763 587 
409 277 175 809 229 502 522 16 0 349 908 553 284 779 599 
758 626 524 870 578 615 427 361 349 0 813 902 633 896 948 
1281 771 947 99 843 1410 692 892 908 813 0 1037 846 129 1045 
244 276 378 938 324 373 797 541 553 902 1037 0 269 908 46 
435 75 109 747 55 564 528 272 284 633 846 269 0 717 315 
1152 642 818 30 714 1281 791 763 779 896 129 908 717 0 916 
236 322 424 946 370 365 843 587 599 948 1045 46 315 916 0 

0 447 669 473 482 433 556 193 910 776 517 1001 725 277 744 
447 0 1008 920 565 880 1003 254 805 769 756 896 620 724 639 
669 1008 0 358 443 372 205 804 773 239 252 744 638 482 369 
473 920 358 0 355 40 153 666 685 465 206 690 550 196 433 
482 565 443 355 0 315 438 617 428 294 191 519 243 295 262 
433 880 372 40 315 0 167 626 645 479 220 704 510 156 447 
556 1003 205 153 438 167 0 749 768 312 247 739 633 279 364 
193 254 804 666 617 626 749 0 1045 911 652 1136 860 470 879 
910 805 773 685 428 645 768 1045 0 534 521 91 185 723 404 
776 769 239 465 294 479 312 911 534 0 259 505 399 589 130 
517 756 252 206 191 220 247 652 521 259 0 492 386 330 227 
1001 896 744 690 519 704 739 1136 91 505 492 0 276 814 375 
725 620 638 550 243 510 633 860 185 399 386 276 0 538 269 
277 724 482 196 295 156 279 470 723 589 330 814 538 0 557 
744 639 369 433 262 447 364 879 404 130 227 375 269 557 0 

0 485 256 932 885 134 881 738 810 726 805 499 774 1206 326 
485 0 229 495 774 351 770 627 699 761 494 40 1259 1095 371 
256 229 0 676 781 122 777 634 706 622 549 243 1030 1102 222 
932 495 676 0 279 798 635 904 522 1208 127 455 1706 624 818 
885 774 781 279 0 787 444 713 331 1017 280 734 1515 433 627 
134 351 122 798 787 0 783 640 712 628 671 365 908 1108 228 
881 770 777 635 444 783 0 269 113 573 508 730 1071 325 555 
738 627 634 904 713 640 269 0 382 304 777 587 802 468 412 
810 699 706 522 331 712 113 382 0 686 395 659 1184 396 484 
726 761 622 1208 1017 628 573 304 686 0 1081 775 498 584 400 
805 494 549 127 280 671 508 777 395 1081 0 454 1579 601 691 
499 40 243 455 734 365 730 587 659 775 454 0 1273 1055 385 
774 1259 1030 1706 1515 908 1071 802 1184 498 1579 1273 0 1082 888 
1206 1095 1102 624 433 1108 325 468 396 584 601 1055 1082 0 880 
326 371 222 818 627 228 555 412 484 400 691 385 888 880 0 

0 356 155 52 421 510 388 161 156 521 1039 505 304 514 260 
356 0 421 408 777 810 688 491 358 821 1339 805 118 366 404 
155 421 0 123 576 665 543 316 221 676 1194 660 369 579 325 
52 408 123 0 453 542 420 193 208 553 1071 537 356 566 312 
421 777 576 453 0 527 127 286 577 284 678 790 725 935 681 
510 810 665 542 527 0 400 349 452 243 529 263 692 444 406 
388 688 543 420 127 400 0 227 450 157 651 663 598 808 554 
161 491 316 193 286 349 227 0 291 360 878 504 439 649 395 
156 358 221 208 577 452 450 291 0 463 981 447 240 358 104 
521 821 676 553 284 243 157 360 463 0 518 506 703 651 417 
1039 1339 1194 1071 678 529 651 878 981 518 0 534 1221 973 935 
505 805 660 537 790 263 663 504 447 506 534 0 687 439 401 
304 118 369 356 725 692 598 439 240 703 1221 687 0 248 286 
514 366 579 566 935 444 808 649 358 651 973 439 248 0 254 
260 404 325 312 681 406 554 395 104 417 935 401 286 254 0 

0 685 902 374 672 577 1235 482 709 1114 507 569 666 454 217 
685 0 1109 345 247 330 1442 203 216 465 714 524 213 295 468 
902 1109 0 764 1356 779 333 980 893 644 543 585 1322 814 841 
374 345 764 0 592 203 1097 216 335 740 369 195 558 80 157 
672 247 1356 592 0 577 1689 376 463 712 961 771 34 542 515 
577 330 779 203 577 0 1112 201 132 537 470 194 543 123 360 
1235 1442 333 1097 1689 1112 0 1313 1226 977 728 918 1655 1147 1174 
482 203 980 216 376 201 1313 0 227 632 585 395 342 166 265 
709 216 893 335 463 132 1226 227 0 405 602 308 429 255 492 
1114 465 644 740 712 537 977 632 405 0 1007 545 678 660 897 
507 714 543 369 961 470 728 585 602 1007 0 462 927 419 446 
569 524 585 195 771 194 918 395 308 545 462 0 737 229 352 
666 213 1322 558 34 543 1655 342 429 678 927 737 0 508 481 
454 295 814 80 542 123 1147 166 255 660 419 229 508 0 237 
217 468 841 157 515 360 1174 265 492 897 446 352 481 237 0 

0 800 821 849 723 419 1105 646 942 785 42 1027 755 321 106 
800 0 867 177 491 585 305 684 868 669 758 227 351 479 694 
821 867 0 916 790 402 1172 183 121 198 813 1094 822 546 841 
849 177 916 0 668 634 394 733 969 812 807 234 528 528 743 
723 491 790 668 0 508 382 607 791 592 681 434 140 402 661 
419 585 402 634 508 0 890 227 523 366 411 812 540 144 439 
1105 305 1172 394 382 890 0 989 1173 974 1063 160 350 784 999 
646 684 183 733 607 227 989 0 296 139 638 911 639 371 666 
942 868 121 969 791 523 1173 296 0 199 934 1095 823 667 962 
785 669 198 812 592 366 974 139 199 0 777 896 624 510 805 
42 758 813 807 681 411 1063 638 934 777 0 985 713 279 64 
1027 227 1094 234 434 812 160 911 1095 896 985 0 294 706 921 
755 351 822 528 140 540 350 639 823 624 713 294 0 434 649 
321 479 546 528 402 144 784 371 667 510 279 706 434 0 295 
106 694 841 743 661 439 999 666 962 805 64 921 649 295 0 

0 420 547 867 619 324 656 1223 1157 470 1177 555 594 391 329 
420 0 967 1287 259 744 1076 863 797 890 817 915 174 671 203 
547 967 0 582 732 267 553 1178 1112 95 1132 600 1141 346 764 
867 1287 582 0 1052 849 211 610 712 677 672 1182 1461 616 1084 
619 259 732 1052 0 841 841 604 538 669 558 1174 409 436 290 
324 744 267 849 841 0 820 1445 1379 172 1399 333 918 613 551 
656 1076 553 211 841 820 0 625 559 648 579 1153 1250 405 873 
1223 863 1178 610 604 1445 625 0 102 1273 62 1778 919 832 894 
1157 797 1112 712 538 1379 559 102 0 1207 40 1712 853 766 828 
470 890 95 677 669 172 648 1273 1207 0 1227 505 1064 441 687 
1177 817 1132 672 558 1399 579 62 40 1227 0 1732 873 786 848 
555 915 600 1182 1174 333 1153 1778 1712 505 1732 0 859 946 884 
594 174 1141 1461 409 918 1250 919 853 1064 873 859 0 845 377 
391 671 346 616 436 613 405 832 766 441 786 946 845 0 468 
329 203 764 1084 290 551 873 894 828 687 848 884 377 468 0 

0 955 819 891 906 426 618 557 542 1020 1153 784 762 239 318 
955 0 154 840 427 797 381 398 619 649 250 171 313 716 1255 
819 154 0 704 581 655 227 262 465 803 334 215 467 580 1119 
891 840 704 0 791 1317 901 666 1139 279 1038 669 647 870 573 
906 427 581 791 0 1224 808 573 1046 512 677 366 144 777 1206 
426 797 655 1317 1224 0 454 651 378 1446 989 858 1110 447 744 
618 381 227 901 808 454 0 235 238 1030 535 442 694 379 918 
557 398 262 666 573 651 235 0 473 795 596 227 459 318 857 
542 619 465 1139 1046 378 238 473 0 1268 611 680 932 303 842 
1020 649 803 279 512 1446 1030 795 1268 0 899 588 368 999 702 
1153 250 334 1038 677 989 535 596 611 899 0 369 563 914 1453 
784 171 215 669 366 858 442 227 680 588 369 0 252 545 1084 
762 313 467 647 144 1110 694 459 932 368 563 252 0 663 1062 
239 716 580 870 777 447 379 318 303 999 914 545 663 0 539 
318 1255 1119 573 1206 744 918 857 842 702 1453 1084 1062 539 0 

0 1050 706 631 365 782 1520 908 950 778 1077 422 708 1165 617 
1050 0 446 909 685 312 470 566 464 958 79 852 428 469 1113 
706 446 0 463 843 134 916 758 656 512 473 406 18 661 1305 
631 909 463 0 768 597 1379 767 809 147 936 209 481 1024 1230 
365 685 843 768 0 919 1155 543 585 915 712 559 845 800 462 
782 312 134 597 919 0 782 834 732 646 347 540 116 737 1381 
1520 470 916 1379 1155 782 0 612 570 1428 443 1322 898 355 903 
908 566 758 767 543 834 612 0 102 830 487 710 760 257 547 
950 464 656 809 585 732 570 102 0 858 385 752 658 215 649 
778 958 512 147 915 646 1428 830 858 0 985 356 530 1073 1377 
1077 79 473 936 712 347 443 487 385 985 0 879 455 390 1034 
422 852 406 209 559 540 1322 710 752 356 879 0 424 967 1021 
708 428 18 481 845 116 898 760 658 530 455 424 0 663 1307 
1165 469 661 1024 800 737 355 257 215 1073 390 967 663 0 644 
617 1113 1305 1230 462 1381 903 547 649 1377 1034 1021 1307 644 0 

0 1156 434 704 637 1052 908 87 431 521 453 320 316 471 290 
1156 0 1590 1860 1119 104 378 1219 1075 1055 1609 1476 982 1627 912 
434 1590 0 270 547 1486 1342 371 515 535 283 114 608 37 678 
704 1860 270 0 741 1756 1612 641 785 805 251 384 878 243 948 
637 1119 547 741 0 1015 871 724 206 116 490 469 321 540 927 
1052 104 1486 1756 1015 0 308 1115 971 951 1505 1372 878 1523 808 
908 378 1342 1612 871 308 0 971 827 807 1361 1228 734 1379 664 
87 1219 371 641 724 1115 971 0 518 608 460 257 403 408 307 
431 1075 515 785 206 971 827 518 0 90 534 401 115 552 721 
521 1055 535 805 116 951 807 608 90 0 554 421 205 572 811 
453 1609 283 251 490 1505 1361 460 534 554 0 205 627 276 697 
320 1476 114 384 469 1372 1228 257 401 421 205 0 494 151 564 
316 982 608 878 321 878 734 403 115 205 627 494 0 645 606 
471 1627 37 243 540 1523 1379 408 552 572 276 151 645 0 715 
290 912 678 948 927 808 664 307 721 811 697 564 606 715 0 

0 472 343 691 871 759 107 276 567 815 280 638 610 505 567 
472 0 303 219 399 565 537 196 373 745 474 1110 1082 33 373 
343 303 0 522 702 416 236 165 376 472 623 807 779 336 224 
691 219 522 0 180 694 756 415 502 964 687 1329 1301 186 502 
871 399 702 180 0 570 936 595 378 1144 867 1509 1481 366 518 
759 565 416 694 570 0 652 581 208 610 1039 975 947 584 192 
107 537 236 756 936 652 0 341 610 708 387 573 545 570 460 
276 196 165 415 595 581 341 0 389 637 458 914 886 229 389 
567 373 376 502 378 208 610 389 0 818 847 1183 1155 392 192 
815 745 472 964 1144 610 708 637 818 0 1095 431 337 778 626 
280 474 623 687 867 1039 387 458 847 1095 0 664 770 501 847 
638 1110 807 1329 1509 975 573 914 1183 431 664 0 106 1143 991 
610 1082 779 1301 1481 947 545 886 1155 337 770 106 0 1115 963 
505 33 336 186 366 584 570 229 392 778 501 1143 1115 0 392 
567 373 224 502 518 192 460 389 192 626 847 991 963 392 0 

0 1524 1473 698 1145 503 1238 847 598 1166 1008 534 1824 320 1516 
1524 0 433 838 379 1021 286 677 926 794 806 1076 300 1204 288 
1473 433 0 871 762 970 235 808 875 361 465 1025 351 1153 145 
698 838 871 0 459 935 670 161 1260 1232 1244 238 1138 992 830 
1145 379 762 459 0 826 561 298 1151 1123 1135 697 679 883 617 
503 1021 970 935 826 0 735 872 325 663 505 771 1321 183 1013 
1238 286 235 670 561 735 0 607 640 562 574 790 586 918 278 
847 677 808 161 298 872 607 0 1197 1169 1181 399 977 929 669 
598 926 875 1260 1151 325 640 1197 0 568 410 1096 1226 278 918 
1166 794 361 1232 1123 663 562 1169 568 0 158 1068 658 846 506 
1008 806 465 1244 1135 505 574 1181 410 158 0 1080 816 688 518 
534 1076 1025 238 697 771 790 399 1096 1068 1080 0 1376 828 1068 
1824 300 351 1138 679 1321 586 977 1226 658 816 1376 0 1504 308 
320 1204 1153 992 883 183 918 929 278 846 688 828 1504 0 1196 
1516 288 145 830 617 1013 278 669 918 506 518 1068 308 1196 0 

0 326 711 957 787 1264 1098 706 1066 523 1282 181 721 436 814 
326 0 385 631 461 938 772 380 740 225 956 229 395 488 540 
711 385 0 246 96 553 387 141 355 188 651 530 174 329 699 
957 631 246 0 176 307 269 251 109 434 731 776 236 521 619 
787 461 96 176 0 477 311 237 279 264 555 606 270 351 795 
1264 938 553 307 477 0 336 558 198 741 798 1083 543 828 552 
1098 772 387 269 311 336 0 392 306 575 462 917 377 662 888 
706 380 141 251 237 558 392 0 360 207 792 525 33 470 558 
1066 740 355 109 279 198 306 360 0 543 768 885 345 630 582 
523 225 188 434 264 741 575 207 543 0 759 342 240 263 765 
1282 956 651 731 555 798 462 792 768 759 0 1101 825 846 1350 
181 229 530 776 606 1083 917 525 885 342 1101 0 540 259 769 
721 395 174 236 270 543 377 33 345 240 825 540 0 503 525 
436 488 329 521 351 828 662 470 630 263 846 259 503 0 1028 
814 540 699 619 795 552 888 558 582 765 1350 769 525 1028 0 

0 429 481 314 204 788 247 878 990 1267 1290 1001 901 748 286 
429 0 786 571 225 811 192 449 561 838 861 786 472 319 455 
481 786 0 215 659 395 728 923 597 874 897 608 822 861 767 
314 571 215 0 444 474 513 708 676 953 976 687 607 646 552 
204 225 659 444 0 684 69 674 786 1063 1086 797 697 544 230 
788 811 395 474 684 0 753 948 326 479 842 213 847 886 814 
247 192 728 513 69 753 0 641 753 1030 1053 764 664 511 263 
878 449 923 708 674 948 641 0 622 711 412 923 101 130 904 
990 561 597 676 786 326 753 622 0 277 516 301 521 560 1016 
1267 838 874 953 1063 479 1030 711 277 0 605 266 610 649 1293 
1290 861 897 976 1086 842 1053 412 516 605 0 817 389 542 1316 
1001 786 608 687 797 213 764 923 301 266 817 0 822 861 1027 
901 472 822 607 697 847 664 101 521 610 389 822 0 153 927 
748 319 861 646 544 886 511 130 560 649 542 861 153 0 774 
286 455 767 552 230 814 263 904 1016 1293 1316 1027 927 774 0 

0 563 570 262 144 103 648 956 591 583 648 240 472 756 885 
563 0 67 457 419 476 453 761 518 1146 453 435 597 561 322 
570 67 0 524 426 483 386 694 525 1153 386 502 664 564 315 
262 457 524 0 134 365 910 1218 853 827 910 104 228 1018 641 
144 419 426 134 0 231 776 1084 719 727 776 112 328 884 741 
103 476 483 365 231 0 545 853 488 670 545 343 505 653 798 
648 453 386 910 776 545 0 316 495 1123 104 888 1050 534 345 
956 761 694 1218 1084 853 316 0 365 807 308 1196 1358 218 661 
591 518 525 853 719 488 495 365 0 628 391 831 993 165 840 
583 1146 1153 827 727 670 1123 807 628 0 1019 723 1055 589 1468 
648 453 386 910 776 545 104 308 391 1019 0 888 1050 430 449 
240 435 502 104 112 343 888 1196 831 723 888 0 332 996 745 
472 597 664 228 328 505 1050 1358 993 1055 1050 332 0 1158 725 
756 561 564 1018 884 653 534 218 165 589 430 996 1158 0 879 
885 322 315 641 741 798 345 661 840 1468 449 745 725 879 0 

0 450 402 637 922 335 255 772 474 728 955 481 607 710 779 
450 0 852 943 996 115 705 990 924 1128 1029 689 1057 728 1077 
402 852 0 795 1080 737 407 930 252 886 1113 323 215 552 937 
637 943 795 0 285 828 388 135 543 185 318 1118 580 1347 142 
922 996 1080 285 0 1041 673 274 828 412 191 1403 865 1632 361 
335 115 737 828 1041 0 590 891 809 1013 1074 574 942 613 962 
255 705 407 388 673 590 0 523 219 479 706 730 352 959 530 
772 990 930 135 274 891 523 0 678 138 183 1253 715 1482 87 
474 924 252 543 828 809 219 678 0 634 861 575 133 804 685 
728 1128 886 185 412 1013 479 138 634 0 227 1209 671 1438 51 
955 1029 1113 318 191 1074 706 183 861 227 0 1436 898 1665 176 
481 689 323 1118 1403 574 730 1253 575 1209 1436 0 538 229 1260 
607 1057 215 580 865 942 352 715 133 671 898 538 0 767 722 
710 728 552 1347 1632 613 959 1482 804 1438 1665 229 767 0 1489 
779 1077 937 142 361 962 530 87 685 51 176 1260 722 1489 0 

0 386 639 1047 460 446 405 202 531 108 210 419 398 611 562 
386 0 375 783 724 816 249 190 637 348 382 669 662 997 826 
639 375 0 408 1099 563 234 437 1012 723 429 1044 1037 744 1201 
1047 783 408 0 1507 689 642 845 1420 1131 837 1452 1445 870 1609 
460 724 1099 1507 0 906 865 662 645 376 670 533 98 825 272 
446 816 563 689 906 0 567 626 961 538 434 851 844 181 1008 
405 249 234 642 865 567 0 203 778 489 195 810 803 748 967 
202 190 437 845 662 626 203 0 575 286 192 607 600 807 764 
531 637 1012 1420 645 961 778 575 0 423 583 112 743 1142 373 
108 348 723 1131 376 538 489 286 423 0 294 321 320 719 478 
210 382 429 837 670 434 195 192 583 294 0 615 608 615 772 
419 669 1044 1452 533 851 810 607 112 321 615 0 631 1030 261 
398 662 1037 1445 98 844 803 600 743 320 608 631 0 763 370 
611 997 744 870 825 181 748 807 1142 719 615 1030 763 0 927 
562 826 1201 1609 272 1008 967 764 373 478 772 261 370 927 0 

