0 423 961 397 731 880 1134 420 617 361 690 641 755 1242 
423 0 596 814 622 1303 943 25 726 784 1113 696 390 877 
961 596 0 564 230 739 379 621 344 1022 615 320 206 281 
397 814 564 0 334 489 737 811 220 458 299 244 434 845 
731 622 230 334 0 681 403 619 114 792 491 90 242 511 
880 1303 739 489 681 0 360 1300 577 899 492 607 923 596 
1134 943 379 737 403 360 0 940 517 1195 788 493 563 236 
420 25 621 811 619 1300 940 0 723 781 1110 693 415 902 
617 726 344 220 114 577 517 723 0 678 387 30 346 625 
361 784 1022 458 792 899 1195 781 678 0 407 702 816 1303 
690 1113 615 299 491 492 788 1110 387 407 0 417 733 896 
641 696 320 244 90 607 493 693 30 702 417 0 316 601 
755 390 206 434 242 923 563 415 346 816 733 316 0 487 
1242 877 281 845 511 596 236 902 625 1303 896 601 487 0 

0 1529 122 34 647 149 400 1138 1119 320 483 737 869 1627 
1529 0 1651 1495 882 1678 1129 625 410 1209 1046 792 1016 98 
122 1651 0 156 769 27 522 1260 1241 442 605 859 991 1749 
34 1495 156 0 613 183 366 1104 1085 286 449 703 835 1593 
647 882 769 613 0 796 247 491 472 327 164 90 826 980 
149 1678 27 183 796 0 549 1287 1268 469 632 886 1018 1776 
400 1129 522 366 247 549 0 738 719 80 89 337 745 1227 
1138 625 1260 1104 491 1287 738 0 745 818 655 401 391 581 
1119 410 1241 1085 472 1268 719 745 0 799 636 382 1136 508 
320 1209 442 286 327 469 80 818 799 0 163 417 763 1307 
483 1046 605 449 164 632 89 655 636 163 0 254 834 1144 
737 792 859 703 90 886 337 401 382 417 254 0 776 890 
869 1016 991 835 826 1018 745 391 1136 763 834 776 0 972 
1627 98 1749 1593 980 1776 1227 581 508 1307 1144 890 972 0 

0 245 1312 935 861 575 1236 1463 655 245 622 1399 1413 594 
245 0 1335 958 884 598 1259 1486 678 268 645 1422 1436 823 
1312 1335 0 819 451 737 76 211 657 1067 690 437 335 776 
935 958 819 0 430 1164 759 608 716 770 387 464 484 341 
861 884 451 430 0 734 375 602 286 616 239 538 552 387 
575 598 737 1164 734 0 661 888 448 394 777 824 838 1121 
1236 1259 76 759 375 661 0 227 581 991 614 377 275 716 
1463 1486 211 608 602 888 227 0 808 1218 841 226 124 869 
655 678 657 716 286 448 581 808 0 410 329 744 758 673 
245 268 1067 770 616 394 991 1218 410 0 383 1154 1168 727 
622 645 690 387 239 777 614 841 329 383 0 777 791 344 
1399 1422 437 464 538 824 377 226 744 1154 777 0 102 805 
1413 1436 335 484 552 838 275 124 758 1168 791 102 0 819 
594 823 776 341 387 1121 716 869 673 727 344 805 819 0 

0 452 219 668 328 621 564 739 21 560 338 1009 563 308 
452 0 603 1120 556 975 242 421 473 304 114 557 245 354 
219 603 0 517 109 402 715 800 212 341 489 1160 530 459 
668 1120 517 0 564 241 1232 1317 647 816 1006 1677 1047 976 
328 556 109 564 0 419 668 753 321 252 442 1113 483 412 
621 975 402 241 419 0 1087 1172 614 671 861 1532 902 831 
564 242 715 1232 668 1087 0 179 585 416 256 445 185 596 
739 421 800 1317 753 1172 179 0 732 501 435 366 270 775 
21 473 212 647 321 614 585 732 0 553 359 1030 556 329 
560 304 341 816 252 671 416 501 553 0 256 861 231 596 
338 114 489 1006 442 861 256 435 359 256 0 671 259 340 
1009 557 1160 1677 1113 1532 445 366 1030 861 671 0 630 701 
563 245 530 1047 483 902 185 270 556 231 259 630 0 599 
308 354 459 976 412 831 596 775 329 596 340 701 599 0 

0 176 973 482 588 433 695 575 1055 842 269 970 408 426 
176 0 827 336 442 579 519 429 909 696 299 824 262 250 
973 827 0 491 465 1406 850 398 394 465 704 555 565 711 
482 336 491 0 114 915 499 93 573 360 319 488 202 230 
588 442 465 114 0 1021 385 95 467 254 433 382 180 326 
433 579 1406 915 1021 0 720 1008 1488 1275 702 1403 841 695 
695 519 850 499 385 720 0 480 768 555 818 683 297 269 
575 429 398 93 95 1008 480 0 480 267 338 395 183 313 
1055 909 394 573 467 1488 768 480 0 213 786 161 647 793 
842 696 465 360 254 1275 555 267 213 0 573 128 434 580 
269 299 704 319 433 702 818 338 786 573 0 701 521 549 
970 824 555 488 382 1403 683 395 161 128 701 0 562 708 
408 262 565 202 180 841 297 183 647 434 521 562 0 146 
426 250 711 230 326 695 269 313 793 580 549 708 146 0 

0 246 877 761 336 910 416 716 738 709 532 879 834 706 
246 0 1039 923 138 1072 170 698 492 463 694 633 588 868 
877 1039 0 582 901 293 997 341 775 954 593 470 669 791 
761 923 582 0 785 289 881 471 659 838 229 634 589 209 
336 138 901 785 0 934 96 560 402 373 556 543 498 730 
910 1072 293 289 934 0 1030 374 808 987 378 503 702 498 
416 170 997 881 96 1030 0 656 322 293 652 527 418 826 
716 698 341 471 560 374 656 0 434 613 482 163 328 680 
738 492 775 659 402 808 322 434 0 179 504 305 106 702 
709 463 954 838 373 987 293 613 179 0 609 484 285 783 
532 694 593 229 556 378 652 482 504 609 0 645 600 198 
879 633 470 634 543 503 527 163 305 484 645 0 199 843 
834 588 669 589 498 702 418 328 106 285 600 199 0 798 
706 868 791 209 730 498 826 680 702 783 198 843 798 0 

0 240 1045 982 592 997 611 939 598 1083 1193 532 230 1120 
240 0 921 1042 652 757 671 999 658 1143 1253 772 232 1180 
1045 921 0 609 1251 208 860 1178 1161 1248 590 1577 815 597 
982 1042 609 0 642 561 371 569 552 639 211 968 810 138 
592 652 1251 642 0 1203 391 347 90 491 661 326 436 654 
997 757 208 561 1203 0 812 1130 1113 1200 542 1529 767 549 
611 671 860 371 391 812 0 328 301 472 582 717 439 509 
939 999 1178 569 347 1130 328 0 341 144 588 417 767 581 
598 658 1161 552 90 1113 301 341 0 485 595 416 426 564 
1083 1143 1248 639 491 1200 472 144 485 0 658 561 911 651 
1193 1253 590 211 661 542 582 588 595 658 0 987 1021 73 
532 772 1577 968 326 1529 717 417 416 561 987 0 762 980 
230 232 815 810 436 767 439 767 426 911 1021 762 0 948 
1120 1180 597 138 654 549 509 581 564 651 73 980 948 0 

0 1303 1026 1052 997 1292 1568 692 1132 1759 913 499 835 1343 
1303 0 277 719 324 633 313 959 947 478 818 804 468 352 
1026 277 0 692 297 606 542 932 920 733 791 527 381 325 
1052 719 692 0 395 240 516 390 228 707 139 607 311 367 
997 324 297 395 0 309 571 635 623 762 494 498 162 346 
1292 633 606 240 309 0 320 630 314 467 379 793 457 281 
1568 313 542 516 571 320 0 906 634 191 655 1069 733 225 
692 959 932 390 635 630 906 0 470 1097 251 847 551 681 
1132 947 920 228 623 314 634 470 0 627 219 835 539 595 
1759 478 733 707 762 467 191 1097 627 0 846 1260 924 416 
913 818 791 139 494 379 655 251 219 846 0 706 410 466 
499 804 527 607 498 793 1069 847 835 1260 706 0 336 844 
835 468 381 311 162 457 733 551 539 924 410 336 0 508 
1343 352 325 367 346 281 225 681 595 416 466 844 508 0 

