0 114 96 8 46 67 54 14 70 62 38 95 62 117 
114 0 52 110 70 61 122 100 94 52 138 31 74 111 
96 52 0 92 52 35 104 82 76 76 120 21 56 59 
8 110 92 0 54 75 62 10 78 58 46 91 70 125 
46 70 52 54 0 21 52 60 24 64 68 51 16 71 
67 61 35 75 21 0 69 81 41 85 85 34 21 50 
54 122 104 62 52 69 0 68 28 72 16 103 48 63 
14 100 82 10 60 81 68 0 84 48 52 81 76 131 
70 94 76 78 24 41 28 84 0 88 44 75 20 47 
62 52 76 58 64 85 72 48 88 0 86 55 80 135 
38 138 120 46 68 85 16 52 44 86 0 119 64 79 
95 31 21 91 51 34 103 81 75 55 119 0 55 80 
62 74 56 70 16 21 48 76 20 80 64 55 0 55 
117 111 59 125 71 50 63 131 47 135 79 80 55 0 

0 57 57 17 69 27 65 86 13 37 29 42 78 79 
57 0 92 60 56 38 14 61 68 56 42 23 21 22 
57 92 0 74 36 70 100 45 44 36 50 69 113 114 
17 60 74 0 86 30 68 103 30 54 46 59 81 82 
69 56 36 86 0 82 64 17 56 32 40 33 77 78 
27 38 70 30 82 0 52 99 38 50 42 55 51 52 
65 14 100 68 64 52 0 55 76 64 50 31 15 22 
86 61 45 103 17 99 55 0 73 49 57 44 68 69 
13 68 44 30 56 38 76 73 0 24 26 45 89 90 
37 56 36 54 32 50 64 49 24 0 14 33 77 78 
29 42 50 46 40 42 50 57 26 14 0 19 63 64 
42 23 69 59 33 55 31 44 45 33 19 0 44 45 
78 21 113 81 77 51 15 68 89 77 63 44 0 7 
79 22 114 82 78 52 22 69 90 78 64 45 7 0 

0 52 85 47 47 25 21 79 41 132 64 91 74 36 
52 0 71 33 75 27 43 27 91 80 86 77 22 16 
85 71 0 38 48 94 64 62 64 107 59 60 55 87 
47 33 38 0 64 56 32 38 80 91 75 44 33 49 
47 75 48 64 0 56 32 102 16 155 17 108 97 59 
25 27 94 56 56 0 30 54 64 107 73 100 49 11 
21 43 64 32 32 30 0 70 48 123 43 76 65 27 
79 27 62 38 102 54 70 0 118 53 113 68 7 43 
41 91 64 80 16 64 48 118 0 171 23 124 113 75 
132 80 107 91 155 107 123 53 171 0 166 53 58 96 
64 86 59 75 17 73 43 113 23 166 0 119 108 70 
91 77 60 44 108 100 76 68 124 53 119 0 61 93 
74 22 55 33 97 49 65 7 113 58 108 61 0 38 
36 16 87 49 59 11 27 43 75 96 70 93 38 0 

0 31 9 96 84 36 27 63 71 110 17 119 51 70 
31 0 40 115 103 55 46 82 90 79 16 88 82 89 
9 40 0 99 87 39 30 66 74 119 26 128 44 73 
96 115 99 0 14 60 69 67 25 64 99 81 97 50 
84 103 87 14 0 48 57 53 13 78 87 87 83 36 
36 55 39 60 48 0 19 27 49 116 39 125 45 34 
27 46 30 69 57 19 0 36 44 97 30 106 64 43 
63 82 66 67 53 27 36 0 64 131 66 140 30 17 
71 90 74 25 13 49 44 64 0 67 74 76 94 47 
110 79 119 64 78 116 97 131 67 0 93 19 161 114 
17 16 26 99 87 39 30 66 74 93 0 102 68 73 
119 88 128 81 87 125 106 140 76 19 102 0 170 123 
51 82 44 97 83 45 64 30 94 161 68 170 0 47 
70 89 73 50 36 34 43 17 47 114 73 123 47 0 

0 25 84 87 53 83 81 45 45 87 42 56 67 64 
25 0 59 62 28 62 60 24 20 62 67 31 88 39 
84 59 0 19 31 83 81 67 39 29 126 46 67 50 
87 62 19 0 34 102 100 70 42 48 129 65 48 69 
53 28 31 34 0 80 78 42 8 34 95 43 70 47 
83 62 83 102 80 0 10 38 78 60 69 37 150 37 
81 60 81 100 78 10 0 36 76 70 59 39 148 47 
45 24 67 70 42 38 36 0 40 70 59 39 112 47 
45 20 39 42 8 78 76 40 0 42 87 41 72 45 
87 62 29 48 34 60 70 70 42 0 129 31 96 23 
42 67 126 129 95 69 59 59 87 129 0 98 105 106 
56 31 46 65 43 37 39 39 41 31 98 0 113 8 
67 88 67 48 70 150 148 112 72 96 105 113 0 117 
64 39 50 69 47 37 47 47 45 23 106 8 117 0 

0 34 45 48 34 59 67 83 62 45 49 53 43 43 
34 0 73 20 66 25 77 77 96 13 83 69 59 73 
45 73 0 87 79 98 112 128 23 84 88 40 42 88 
48 20 87 0 80 15 91 91 110 7 97 49 45 87 
34 66 79 80 0 91 33 49 68 77 17 87 77 9 
59 25 98 15 91 0 102 102 121 14 108 64 56 98 
67 77 112 91 33 102 0 16 101 88 24 120 110 24 
83 77 128 91 49 102 16 0 117 88 40 136 126 40 
62 96 23 110 68 121 101 117 0 107 77 63 65 77 
45 13 84 7 77 14 88 88 107 0 94 56 46 84 
49 83 88 97 17 108 24 40 77 94 0 96 86 10 
53 69 40 49 87 64 120 136 63 56 96 0 10 96 
43 59 42 45 77 56 110 126 65 46 86 10 0 86 
43 73 88 87 9 98 24 40 77 84 10 96 86 0 

0 39 48 36 5 68 52 73 21 24 29 123 102 105 
39 0 87 69 38 107 79 64 60 55 68 94 141 76 
48 87 0 66 49 20 22 43 41 54 47 93 54 75 
36 69 66 0 41 50 88 109 25 14 19 159 78 141 
5 38 49 41 0 69 47 68 22 29 30 118 103 100 
68 107 20 50 69 0 38 59 47 52 39 109 34 91 
52 79 22 88 47 38 0 21 63 76 69 71 62 59 
73 64 43 109 68 59 21 0 84 97 90 50 77 44 
21 60 41 25 22 47 63 84 0 13 8 134 81 116 
24 55 54 14 29 52 76 97 13 0 13 147 86 129 
29 68 47 19 30 39 69 90 8 13 0 140 73 122 
123 94 93 159 118 109 71 50 134 147 140 0 85 36 
102 141 54 78 103 34 62 77 81 86 73 85 0 121 
105 76 75 141 100 91 59 44 116 129 122 36 121 0 

0 35 63 175 88 45 85 74 138 114 66 101 151 96 
35 0 70 140 53 52 50 63 103 79 77 66 116 61 
63 70 0 112 33 18 50 133 75 51 7 86 88 65 
175 140 112 0 87 130 90 101 37 61 117 74 24 79 
88 53 33 87 0 43 17 100 50 38 40 53 63 32 
45 52 18 130 43 0 40 115 93 69 25 68 106 51 
85 50 50 90 17 40 0 83 53 55 57 36 66 15 
74 63 133 101 100 115 83 0 114 138 140 47 77 68 
138 103 75 37 50 93 53 114 0 24 80 67 53 46 
114 79 51 61 38 69 55 138 24 0 56 91 77 70 
66 77 7 117 40 25 57 140 80 56 0 93 93 72 
101 66 86 74 53 68 36 47 67 91 93 0 50 21 
151 116 88 24 63 106 66 77 53 77 93 50 0 55 
96 61 65 79 32 51 15 68 46 70 72 21 55 0 

0 106 53 49 69 97 101 90 99 60 17 129 11 40 
106 0 63 91 67 57 51 16 39 110 97 23 95 146 
53 63 0 62 82 44 114 69 46 47 44 76 42 93 
49 91 62 0 24 82 52 75 84 109 66 114 56 55 
69 67 82 24 0 76 32 51 60 129 86 90 76 79 
97 57 44 82 76 0 108 63 18 55 88 54 86 137 
101 51 114 52 32 108 0 45 90 161 118 68 108 101 
90 16 69 75 51 63 45 0 45 116 81 39 79 130 
99 39 46 84 60 18 90 45 0 71 90 36 88 139 
60 110 47 109 129 55 161 116 71 0 43 107 53 82 
17 97 44 66 86 88 118 81 90 43 0 120 10 49 
129 23 76 114 90 54 68 39 36 107 120 0 118 169 
11 95 42 56 76 86 108 79 88 53 10 118 0 51 
40 146 93 55 79 137 101 130 139 82 49 169 51 0 

0 31 121 79 8 94 66 27 75 39 104 64 34 42 
31 0 90 90 31 109 81 26 84 16 73 41 49 11 
121 90 0 84 121 103 77 94 78 82 17 57 87 79 
79 90 84 0 83 19 35 64 6 106 83 49 45 91 
8 31 121 83 0 102 74 27 77 39 104 64 42 42 
94 109 103 19 102 0 28 83 25 125 102 68 60 110 
66 81 77 35 74 28 0 55 31 97 74 40 32 82 
27 26 94 64 27 83 55 0 58 42 77 37 23 27 
75 84 78 6 77 25 31 58 0 100 77 43 41 85 
39 16 82 106 39 125 97 42 100 0 65 57 65 15 
104 73 17 83 104 102 74 77 77 65 0 40 70 62 
64 41 57 49 64 68 40 37 43 57 40 0 30 42 
34 49 87 45 42 60 32 23 41 65 70 30 0 50 
42 11 79 91 42 110 82 27 85 15 62 42 50 0 

