0 87 59 56 97 3 85 55 134 50 64 122 96 113 84 41 52 45 40 99 
87 0 28 61 10 84 34 96 83 49 33 71 107 26 61 46 35 72 113 54 
59 28 0 49 38 56 26 68 95 21 25 83 79 54 45 18 17 60 85 60 
56 61 49 0 71 53 29 65 144 60 74 132 106 57 94 41 32 11 82 109 
97 10 38 71 0 94 44 106 83 59 43 61 117 16 71 56 45 82 123 64 
3 84 56 53 94 0 82 56 135 51 65 123 97 110 85 38 49 42 41 100 
85 34 26 29 44 82 0 94 117 47 47 105 105 30 67 44 33 40 111 82 
55 96 68 65 106 56 94 0 79 47 63 67 41 122 35 50 61 76 17 44 
134 83 95 144 83 135 117 79 0 84 70 34 38 99 50 103 112 155 94 35 
50 49 21 60 59 51 47 47 84 0 16 72 58 75 34 19 28 71 64 49 
64 33 25 74 43 65 47 63 70 16 0 58 74 59 28 33 42 85 80 35 
122 71 83 132 61 123 105 67 34 72 58 0 68 75 38 91 100 143 82 23 
96 107 79 106 117 97 105 41 38 58 74 68 0 133 46 65 74 117 56 53 
113 26 54 57 16 110 30 122 99 75 59 75 133 0 87 72 61 68 139 80 
84 61 45 94 71 85 67 35 50 34 28 38 46 87 0 53 62 105 52 15 
41 46 18 41 56 38 44 50 103 19 33 91 65 72 53 0 11 52 67 68 
52 35 17 32 45 49 33 61 112 28 42 100 74 61 62 11 0 43 78 77 
45 72 60 11 82 42 40 76 155 71 85 143 117 68 105 52 43 0 71 120 
40 113 85 82 123 41 111 17 94 64 80 82 56 139 52 67 78 71 0 59 
99 54 60 109 64 100 82 44 35 49 35 23 53 80 15 68 77 120 59 0 

