0 34 18 74 111 70 103 82 4 98 115 43 60 47 51 
34 0 18 98 93 102 135 114 32 106 147 77 28 79 49 
18 18 0 80 93 84 117 96 14 88 129 61 42 61 33 
74 98 80 0 37 12 37 94 70 24 57 117 70 93 49 
111 93 93 37 0 49 42 131 107 13 94 154 65 130 60 
70 102 84 12 49 0 33 82 70 36 45 105 74 81 53 
103 135 117 37 42 33 0 97 103 29 60 120 107 96 86 
82 114 96 94 131 82 97 0 82 118 37 45 86 35 71 
4 32 14 70 107 70 103 82 0 94 115 47 56 47 47 
98 106 88 24 13 36 29 118 94 0 81 141 78 117 57 
115 147 129 57 94 45 60 37 115 81 0 78 119 68 98 
43 77 61 117 154 105 120 45 47 141 78 0 103 24 94 
60 28 42 70 65 74 107 86 56 78 119 103 0 79 21 
47 79 61 93 130 81 96 35 47 117 68 24 79 0 70 
51 49 33 49 60 53 86 71 47 57 98 94 21 70 0 

0 52 49 70 32 41 69 102 44 50 32 33 72 59 62 
52 0 61 82 84 11 81 90 32 100 58 47 68 111 10 
49 61 0 21 69 56 20 151 93 99 17 82 121 50 71 
70 82 21 0 90 77 15 172 114 120 38 103 142 31 90 
32 84 69 90 0 73 89 82 76 30 52 37 52 69 94 
41 11 56 77 73 0 76 95 37 89 47 36 65 100 21 
69 81 20 15 89 76 0 171 113 119 37 102 141 46 75 
102 90 151 172 82 95 171 0 80 52 134 69 30 151 98 
44 32 93 114 76 37 113 80 0 92 76 39 60 103 40 
50 100 99 120 30 89 119 52 92 0 82 53 32 99 110 
32 58 17 38 52 47 37 134 76 82 0 65 104 53 68 
33 47 82 103 37 36 102 69 39 53 65 0 39 82 57 
72 68 121 142 52 65 141 30 60 32 104 39 0 121 78 
59 111 50 31 69 100 46 151 103 99 53 82 121 0 121 
62 10 71 90 94 21 75 98 40 110 68 57 78 121 0 

0 14 80 38 43 83 56 40 32 41 19 47 52 49 81 
14 0 94 48 29 73 46 50 18 31 33 37 40 35 71 
80 94 0 68 123 65 94 118 112 113 61 125 132 129 83 
38 48 68 0 69 121 94 64 58 79 41 85 88 75 119 
43 29 123 69 0 100 73 23 19 58 62 64 67 6 98 
83 73 65 121 100 0 29 123 81 48 80 60 67 104 18 
56 46 94 94 73 29 0 96 54 19 53 31 38 77 25 
40 50 118 64 23 123 96 0 42 81 57 87 90 19 121 
32 18 112 58 19 81 54 42 0 39 51 45 48 23 79 
41 31 113 79 58 48 19 81 39 0 52 12 19 62 40 
19 33 61 41 62 80 53 57 51 52 0 64 71 68 78 
47 37 125 85 64 60 31 87 45 12 64 0 7 68 42 
52 40 132 88 67 67 38 90 48 19 71 7 0 71 49 
49 35 129 75 6 104 77 19 23 62 68 68 71 0 102 
81 71 83 119 98 18 25 121 79 40 78 42 49 102 0 

0 4 87 72 96 55 27 86 127 36 89 58 15 128 37 
4 0 83 70 92 51 29 84 123 40 85 56 19 124 35 
87 83 0 67 59 46 70 83 40 123 40 53 102 41 60 
72 70 67 0 76 93 99 16 107 56 69 14 67 108 35 
96 92 59 76 0 105 111 92 49 132 19 62 111 52 69 
55 51 46 93 105 0 38 107 72 91 86 79 70 73 58 
27 29 70 99 111 38 0 113 110 55 92 85 32 111 64 
86 84 83 16 92 107 113 0 123 58 85 30 81 124 49 
127 123 40 107 49 72 110 123 0 163 38 93 142 3 100 
36 40 123 56 132 91 55 58 163 0 125 70 23 164 63 
89 85 40 69 19 86 92 85 38 125 0 55 104 39 62 
58 56 53 14 62 79 85 30 93 70 55 0 53 94 21 
15 19 102 67 111 70 32 81 142 23 104 53 0 143 42 
128 124 41 108 52 73 111 124 3 164 39 94 143 0 101 
37 35 60 35 69 58 64 49 100 63 62 21 42 101 0 

0 83 65 86 97 64 114 62 15 75 43 69 8 44 66 
83 0 32 27 84 55 31 43 78 42 48 90 75 65 17 
65 32 0 21 116 87 49 25 68 74 30 122 57 97 43 
86 27 21 0 111 82 40 46 81 69 51 117 78 92 38 
97 84 116 111 0 33 71 125 92 42 106 52 89 67 73 
64 55 87 82 33 0 50 96 59 13 77 35 56 34 44 
114 31 49 40 71 50 0 74 109 39 79 77 106 84 48 
62 43 25 46 125 96 74 0 77 83 19 131 58 106 52 
15 78 68 81 92 59 109 77 0 70 58 54 19 29 61 
75 42 74 69 42 13 39 83 70 0 64 48 67 45 31 
43 48 30 51 106 77 79 19 58 64 0 112 39 87 33 
69 90 122 117 52 35 77 131 54 48 112 0 73 25 79 
8 75 57 78 89 56 106 58 19 67 39 73 0 48 58 
44 65 97 92 67 34 84 106 29 45 87 25 48 0 54 
66 17 43 38 73 44 48 52 61 31 33 79 58 54 0 

0 86 56 9 113 16 76 119 65 73 85 18 99 24 96 
86 0 88 95 123 70 46 129 55 91 57 104 29 100 106 
56 88 0 65 57 42 78 63 67 17 87 52 101 32 50 
9 95 65 0 122 25 85 128 74 82 94 13 108 33 105 
113 123 57 122 0 99 77 6 68 40 66 109 94 89 21 
16 70 42 25 99 0 60 105 49 59 69 34 83 30 82 
76 46 78 85 77 60 0 83 11 81 11 94 23 90 60 
119 129 63 128 6 105 83 0 74 46 72 115 100 95 23 
65 55 67 74 68 49 11 74 0 70 20 83 34 79 51 
73 91 17 82 40 59 81 46 70 0 90 69 104 49 53 
85 57 87 94 66 69 11 72 20 90 0 103 28 99 49 
18 104 52 13 109 34 94 115 83 69 103 0 117 20 92 
99 29 101 108 94 83 23 100 34 104 28 117 0 113 77 
24 100 32 33 89 30 90 95 79 49 99 20 113 0 72 
96 106 50 105 21 82 60 23 51 53 49 92 77 72 0 

0 57 115 105 111 34 42 86 93 73 61 56 92 98 137 
57 0 58 48 54 47 65 61 98 28 66 43 39 49 80 
115 58 0 16 48 105 73 111 48 78 54 59 23 17 50 
105 48 16 0 32 95 63 95 64 62 44 49 13 15 34 
111 54 48 32 0 101 69 63 96 38 64 55 37 47 26 
34 47 105 95 101 0 74 62 107 63 75 52 82 88 127 
42 65 73 63 69 74 0 126 51 93 19 22 50 56 95 
86 61 111 95 63 62 126 0 159 33 127 104 100 110 65 
93 98 48 64 96 107 51 159 0 126 32 55 59 49 98 
73 28 78 62 38 63 93 33 126 0 94 71 67 77 64 
61 66 54 44 64 75 19 127 32 94 0 23 31 37 76 
56 43 59 49 55 52 22 104 55 71 23 0 36 42 81 
92 39 23 13 37 82 50 100 59 67 31 36 0 10 45 
98 49 17 15 47 88 56 110 49 77 37 42 10 0 49 
137 80 50 34 26 127 95 65 98 64 76 81 45 49 0 

0 39 22 64 48 10 61 72 33 66 84 40 99 37 124 
39 0 23 79 37 29 26 111 72 105 123 69 138 6 163 
22 23 0 86 26 22 45 88 49 82 100 46 115 21 140 
64 79 86 0 112 64 75 58 69 88 76 104 85 85 110 
48 37 26 112 0 48 59 100 43 68 86 32 101 35 126 
10 29 22 64 48 0 51 82 43 76 94 40 109 27 134 
61 26 45 75 59 51 0 133 94 127 145 91 160 32 185 
72 111 88 58 100 82 133 0 57 76 64 92 51 109 52 
33 72 49 69 43 43 94 57 0 33 51 35 66 70 91 
66 105 82 88 68 76 127 76 33 0 18 36 33 103 58 
84 123 100 76 86 94 145 64 51 18 0 54 15 121 40 
40 69 46 104 32 40 91 92 35 36 54 0 69 67 94 
99 138 115 85 101 109 160 51 66 33 15 69 0 136 25 
37 6 21 85 35 27 32 109 70 103 121 67 136 0 161 
124 163 140 110 126 134 185 52 91 58 40 94 25 161 0 

0 44 57 113 58 52 42 45 55 35 74 122 61 111 9 
44 0 25 81 26 66 42 13 23 67 30 90 105 79 49 
57 25 0 106 51 79 17 38 48 48 25 115 118 104 62 
113 81 106 0 55 61 123 68 58 148 81 9 96 38 122 
58 26 51 55 0 76 68 13 15 93 26 64 115 57 67 
52 66 79 61 76 0 64 65 61 87 96 70 39 59 61 
42 42 17 123 68 64 0 55 65 33 42 132 103 121 47 
45 13 38 68 13 65 55 0 10 80 31 77 104 66 54 
55 23 48 58 15 61 65 10 0 90 35 67 100 56 64 
35 67 48 148 93 87 33 80 90 0 67 157 86 146 26 
74 30 25 81 26 96 42 31 35 67 0 90 135 79 79 
122 90 115 9 64 70 132 77 67 157 90 0 87 29 131 
61 105 118 96 115 39 103 104 100 86 135 87 0 60 60 
111 79 104 38 57 59 121 66 56 146 79 29 60 0 120 
9 49 62 122 67 61 47 54 64 26 79 131 60 120 0 

0 68 42 111 125 72 34 46 23 34 27 40 51 84 47 
68 0 52 43 57 20 74 96 67 58 53 108 79 40 115 
42 52 0 95 109 56 22 44 65 56 15 56 27 44 63 
111 43 95 0 14 39 117 139 94 77 96 151 122 67 158 
125 57 109 14 0 53 131 153 108 91 110 165 136 65 172 
72 20 56 39 53 0 78 100 55 38 57 112 83 60 119 
34 74 22 117 131 78 0 22 57 48 21 34 17 66 41 
46 96 44 139 153 100 22 0 69 62 43 32 17 88 29 
23 67 65 94 108 55 57 69 0 17 50 57 74 107 64 
34 58 56 77 91 38 48 62 17 0 41 74 65 98 81 
27 53 15 96 110 57 21 43 50 41 0 55 26 57 62 
40 108 56 151 165 112 34 32 57 74 55 0 37 100 7 
51 79 27 122 136 83 17 17 74 65 26 37 0 71 36 
84 40 44 67 65 60 66 88 107 98 57 100 71 0 107 
47 115 63 158 172 119 41 29 64 81 62 7 36 107 0 

0 42 70 50 28 69 25 112 28 99 30 51 3 54 19 
42 0 70 30 48 27 21 70 24 119 72 13 41 96 61 
70 70 0 100 54 89 75 42 46 49 100 83 69 124 89 
50 30 100 0 78 31 25 80 54 149 78 17 53 92 57 
28 48 54 78 0 67 53 96 24 71 46 61 25 70 41 
69 27 89 31 67 0 48 69 43 138 99 18 68 123 88 
25 21 75 25 53 48 0 91 29 124 53 30 28 75 40 
112 70 42 80 96 69 91 0 84 69 142 63 111 166 131 
28 24 46 54 24 43 29 84 0 95 58 37 27 82 47 
99 119 49 149 71 138 124 69 95 0 81 132 96 105 112 
30 72 100 78 46 99 53 142 58 81 0 81 31 24 41 
51 13 83 17 61 18 30 63 37 132 81 0 50 105 70 
3 41 69 53 25 68 28 111 27 96 31 50 0 55 20 
54 96 124 92 70 123 75 166 82 105 24 105 55 0 45 
19 61 89 57 41 88 40 131 47 112 41 70 20 45 0 

0 91 51 70 103 66 79 31 25 13 72 80 75 79 53 
91 0 84 87 114 43 90 62 76 94 33 91 74 68 88 
51 84 0 121 154 59 130 22 76 64 65 131 114 38 104 
70 87 121 0 37 124 41 101 45 57 114 42 71 149 17 
103 114 154 37 0 157 24 134 78 90 147 23 40 182 50 
66 43 59 124 157 0 133 37 79 69 10 134 117 25 107 
79 90 130 41 24 133 0 110 54 66 123 1 30 158 42 
31 62 22 101 134 37 110 0 56 44 43 111 94 48 84 
25 76 76 45 78 79 54 56 0 18 69 55 60 104 28 
13 94 64 57 90 69 66 44 18 0 75 67 78 92 40 
72 33 65 114 147 10 123 43 69 75 0 124 107 35 97 
80 91 131 42 23 134 1 111 55 67 124 0 29 159 43 
75 74 114 71 40 117 30 94 60 78 107 29 0 142 72 
79 68 38 149 182 25 158 48 104 92 35 159 142 0 132 
53 88 104 17 50 107 42 84 28 40 97 43 72 132 0 

0 105 67 32 75 39 48 111 44 67 27 49 51 11 69 
105 0 76 115 78 76 89 6 149 88 78 154 118 110 36 
67 76 0 99 8 106 115 82 73 134 52 78 118 78 60 
32 115 99 0 107 39 26 121 34 35 47 43 19 21 79 
75 78 8 107 0 114 123 84 81 142 60 76 126 86 68 
39 76 106 39 114 0 13 82 73 28 54 78 42 34 46 
48 89 115 26 123 13 0 95 60 19 63 65 29 37 55 
111 6 82 121 84 82 95 0 155 94 84 160 124 116 42 
44 149 73 34 81 73 60 155 0 61 71 17 45 39 113 
67 88 134 35 142 28 19 94 61 0 82 78 30 56 74 
27 78 52 47 60 54 63 84 71 82 0 76 66 32 42 
49 154 78 43 76 78 65 160 17 78 76 0 62 44 118 
51 118 118 19 126 42 29 124 45 30 66 62 0 40 82 
11 110 78 21 86 34 37 116 39 56 32 44 40 0 74 
69 36 60 79 68 46 55 42 113 74 42 118 82 74 0 

0 19 43 43 36 98 52 75 45 59 81 80 35 75 128 
19 0 30 28 27 79 61 84 54 78 90 73 44 56 109 
43 30 0 58 57 55 31 54 42 102 60 43 44 32 85 
43 28 58 0 19 87 89 112 82 102 118 101 72 52 85 
36 27 57 19 0 86 88 111 81 83 117 100 71 51 104 
98 79 55 87 86 0 86 49 97 157 63 18 99 35 30 
52 61 31 89 88 86 0 37 11 71 29 68 17 63 116 
75 84 54 112 111 49 37 0 48 108 14 31 50 60 79 
45 54 42 82 81 97 11 48 0 60 36 79 10 74 127 
59 78 102 102 83 157 71 108 60 0 94 139 58 134 187 
81 90 60 118 117 63 29 14 36 94 0 45 46 66 93 
80 73 43 101 100 18 68 31 79 139 45 0 81 49 48 
35 44 44 72 71 99 17 50 10 58 46 81 0 76 129 
75 56 32 52 51 35 63 60 74 134 66 49 76 0 53 
128 109 85 85 104 30 116 79 127 187 93 48 129 53 0 

0 81 66 80 29 43 29 112 19 47 92 24 32 16 73 
81 0 83 33 98 124 108 43 100 128 31 69 97 97 112 
66 83 0 82 85 41 95 46 55 45 52 56 84 68 29 
80 33 82 0 65 123 75 66 99 127 46 56 64 96 111 
29 98 85 65 0 72 12 131 48 76 111 29 3 45 92 
43 124 41 123 72 0 66 81 26 16 93 67 75 39 36 
29 108 95 75 12 66 0 141 40 64 121 39 15 33 102 
112 43 46 66 131 81 141 0 101 91 20 102 130 114 69 
19 100 55 99 48 26 40 101 0 28 81 43 51 13 62 
47 128 45 127 76 16 64 91 28 0 97 71 79 31 52 
92 31 52 46 111 93 121 20 81 97 0 82 110 94 81 
24 69 56 56 29 67 39 102 43 71 82 0 28 40 63 
32 97 84 64 3 75 15 130 51 79 110 28 0 48 91 
16 97 68 96 45 39 33 114 13 31 94 40 48 0 75 
73 112 29 111 92 36 102 69 62 52 81 63 91 75 0 

0 43 48 45 107 71 51 83 32 51 95 43 15 35 65 
43 0 47 16 64 52 70 64 61 8 52 60 54 78 46 
48 47 0 31 59 99 53 111 66 55 47 13 59 83 93 
45 16 31 0 62 68 54 80 63 24 50 44 56 80 62 
107 64 59 62 0 80 112 122 125 56 20 66 118 142 48 
71 52 99 68 80 0 122 42 103 44 68 112 56 62 32 
51 70 53 54 112 122 0 134 19 78 100 48 66 78 116 
83 64 111 80 122 42 134 0 115 66 110 124 68 56 74 
32 61 66 63 125 103 19 115 0 69 113 61 47 59 97 
51 8 55 24 56 44 78 66 69 0 44 68 62 86 38 
95 52 47 50 20 68 100 110 113 44 0 52 106 130 60 
43 60 13 44 66 112 48 124 61 68 52 0 56 78 106 
15 54 59 56 118 56 66 68 47 62 106 56 0 24 70 
35 78 83 80 142 62 78 56 59 86 130 78 24 0 94 
65 46 93 62 48 32 116 74 97 38 60 106 70 94 0 

0 31 58 50 64 31 52 17 66 68 36 41 66 37 28 
31 0 79 81 85 62 47 14 45 47 5 72 45 58 43 
58 79 0 76 14 51 110 67 124 126 82 71 124 21 36 
50 81 76 0 82 25 34 67 60 80 86 9 84 67 78 
64 85 14 82 0 59 116 73 130 132 88 77 130 27 42 
31 62 51 25 59 0 59 48 73 75 67 20 73 48 59 
52 47 110 34 116 59 0 43 26 46 52 39 50 89 74 
17 14 67 67 73 48 43 0 57 59 19 58 57 46 31 
66 45 124 60 130 73 26 57 0 20 42 53 24 103 88 
68 47 126 80 132 75 46 59 20 0 44 71 4 105 90 
36 5 82 86 88 67 52 19 42 44 0 77 42 61 46 
41 72 71 9 77 20 39 58 53 71 77 0 75 58 69 
66 45 124 84 130 73 50 57 24 4 42 75 0 103 88 
37 58 21 67 27 48 89 46 103 105 61 58 103 0 15 
28 43 36 78 42 59 74 31 88 90 46 69 88 15 0 

0 72 53 61 31 38 79 67 45 75 77 25 73 64 45 
72 0 77 57 57 70 7 139 95 5 149 47 49 88 69 
53 77 0 114 22 91 76 90 38 82 92 52 126 29 8 
61 57 114 0 92 23 64 82 106 60 92 62 18 125 106 
31 57 22 92 0 69 64 82 38 60 92 30 104 33 14 
38 70 91 23 69 0 77 69 83 73 79 39 35 102 83 
79 7 76 64 64 77 0 146 102 6 156 54 50 93 70 
67 139 90 82 82 69 146 0 82 142 14 92 100 101 82 
45 95 38 106 38 83 102 82 0 98 68 48 118 19 32 
75 5 82 60 60 73 6 142 98 0 152 50 44 93 74 
77 149 92 92 92 79 156 14 68 152 0 102 110 87 86 
25 47 52 62 30 39 54 92 48 50 102 0 74 63 44 
73 49 126 18 104 35 50 100 118 44 110 74 0 137 118 
64 88 29 125 33 102 93 101 19 93 87 63 137 0 23 
45 69 8 106 14 83 70 82 32 74 86 44 118 23 0 

0 34 93 49 24 123 83 36 107 67 118 89 13 72 86 
34 0 59 37 24 89 61 30 73 55 84 55 23 56 52 
93 59 0 56 69 30 82 89 38 52 25 66 82 35 69 
49 37 56 0 61 86 98 33 70 18 81 82 36 35 85 
24 24 69 61 0 99 59 48 83 79 94 65 25 80 62 
123 89 30 86 99 0 76 119 32 82 19 60 112 51 63 
83 61 82 98 59 76 0 85 44 116 95 16 72 117 13 
36 30 89 33 48 119 85 0 103 37 114 85 23 68 82 
107 73 38 70 83 32 44 103 0 72 51 28 96 73 31 
67 55 52 18 79 82 116 37 72 0 77 100 54 31 103 
118 84 25 81 94 19 95 114 51 77 0 79 107 46 82 
89 55 66 82 65 60 16 85 28 100 79 0 78 101 3 
13 23 82 36 25 112 72 23 96 54 107 78 0 61 75 
72 56 35 35 80 51 117 68 73 31 46 101 61 0 104 
86 52 69 85 62 63 13 82 31 103 82 3 75 104 0 

0 60 72 122 32 92 39 6 173 80 124 15 90 82 92 
60 0 12 62 34 62 21 54 113 22 64 53 84 46 70 
72 12 0 50 40 72 33 66 101 32 52 65 74 56 60 
122 62 50 0 90 60 83 116 51 42 8 115 86 44 72 
32 34 40 90 0 96 21 26 141 56 92 25 58 80 60 
92 62 72 60 96 0 75 86 93 40 52 77 146 16 132 
39 21 33 83 21 75 0 33 134 41 85 32 71 59 57 
6 54 66 116 26 86 33 0 167 74 118 9 84 76 86 
173 113 101 51 141 93 134 167 0 93 49 166 83 91 81 
80 22 32 42 56 40 41 74 93 0 44 73 106 24 92 
124 64 52 8 92 52 85 118 49 44 0 117 94 42 80 
15 53 65 115 25 77 32 9 166 73 117 0 83 75 85 
90 84 74 86 58 146 71 84 83 106 94 83 0 130 14 
82 46 56 44 80 16 59 76 91 24 42 75 130 0 116 
92 70 60 72 60 132 57 86 81 92 80 85 14 116 0 

0 13 15 103 29 83 61 25 56 14 57 65 31 56 88 
13 0 22 96 22 96 74 16 69 21 44 72 24 69 81 
15 22 0 118 44 74 72 38 47 11 66 50 46 47 103 
103 96 118 0 74 90 68 80 127 117 72 168 72 71 15 
29 22 44 74 0 106 84 6 79 43 34 94 20 79 59 
83 96 74 90 106 0 34 108 47 85 140 88 86 27 77 
61 74 72 68 84 34 0 86 81 71 118 122 64 25 55 
25 16 38 80 6 108 86 0 81 37 32 88 22 81 65 
56 69 47 127 79 47 81 81 0 58 113 41 59 56 112 
14 21 11 117 43 85 71 37 58 0 55 51 45 58 102 
57 44 66 72 34 140 118 32 113 55 0 96 54 113 63 
65 72 50 168 94 88 122 88 41 51 96 0 96 97 153 
31 24 46 72 20 86 64 22 59 45 54 96 0 59 57 
56 69 47 71 79 27 25 81 56 58 113 97 59 0 56 
88 81 103 15 59 77 55 65 112 102 63 153 57 56 0 

0 65 18 60 77 77 66 57 87 138 117 125 103 56 51 
65 0 75 37 22 92 9 54 64 73 52 60 68 41 104 
18 75 0 70 87 87 76 67 97 148 127 135 113 66 61 
60 37 70 0 17 55 28 17 27 78 57 65 43 4 67 
77 22 87 17 0 70 13 32 42 61 40 48 46 21 82 
77 92 87 55 70 0 83 38 28 61 96 92 26 51 26 
66 9 76 28 13 83 0 45 55 72 51 59 59 32 95 
57 54 67 17 32 38 45 0 30 81 60 68 46 13 50 
87 64 97 27 42 28 55 30 0 51 68 64 16 31 40 
138 73 148 78 61 61 72 81 51 0 39 35 35 82 87 
117 52 127 57 40 96 51 60 68 39 0 8 72 61 108 
125 60 135 65 48 92 59 68 64 35 8 0 68 69 104 
103 68 113 43 46 26 59 46 16 35 72 68 0 47 52 
56 41 66 4 21 51 32 13 31 82 61 69 47 0 63 
51 104 61 67 82 26 95 50 40 87 108 104 52 63 0 

0 66 77 72 62 64 17 97 53 89 72 60 37 88 77 
66 0 11 56 94 124 55 43 43 61 58 12 43 28 31 
77 11 0 57 95 125 66 44 44 62 69 23 54 31 42 
72 56 57 0 38 68 61 25 19 17 68 56 49 84 73 
62 94 95 38 0 30 51 51 51 33 106 94 71 122 111 
64 124 125 68 30 0 81 81 81 63 136 124 101 152 141 
17 55 66 61 51 81 0 86 42 78 55 43 20 71 60 
97 43 44 25 51 81 86 0 44 18 89 43 74 71 62 
53 43 44 19 51 81 42 44 0 36 55 43 30 71 60 
89 61 62 17 33 63 78 18 36 0 81 61 66 89 78 
72 58 69 68 106 136 55 89 55 81 0 46 35 38 27 
60 12 23 56 94 124 43 43 43 61 46 0 31 28 19 
37 43 54 49 71 101 20 74 30 66 35 31 0 51 40 
88 28 31 84 122 152 71 71 71 89 38 28 51 0 11 
77 31 42 73 111 141 60 62 60 78 27 19 40 11 0 

0 21 75 100 76 38 118 137 76 67 22 65 43 100 97 
21 0 54 79 55 35 97 116 57 46 43 62 22 79 76 
75 54 0 29 47 65 73 62 105 46 97 22 62 33 70 
100 79 29 0 24 90 44 37 76 33 122 47 57 4 41 
76 55 47 24 0 66 42 61 58 9 98 61 33 24 23 
38 35 65 90 66 0 108 127 92 57 32 43 49 90 87 
118 97 73 44 42 108 0 31 42 51 140 87 75 40 21 
137 116 62 37 61 127 31 0 63 70 159 84 94 37 40 
76 57 105 76 58 92 42 63 0 59 98 119 43 72 35 
67 46 46 33 9 57 51 70 59 0 89 60 24 33 30 
22 43 97 122 98 32 140 159 98 89 0 75 65 122 119 
65 62 22 47 61 43 87 84 119 60 75 0 76 47 84 
43 22 62 57 33 49 75 94 43 24 65 76 0 57 54 
100 79 33 4 24 90 40 37 72 33 122 47 57 0 37 
97 76 70 41 23 87 21 40 35 30 119 84 54 37 0 

0 73 26 67 77 64 65 59 104 73 48 66 111 95 74 
73 0 79 92 36 77 8 86 129 98 31 31 136 120 99 
26 79 0 93 83 78 71 85 130 99 54 72 137 121 100 
67 92 93 0 58 45 90 32 37 6 61 61 44 28 25 
77 36 83 58 0 41 34 90 93 64 29 11 100 84 83 
64 77 78 45 41 0 75 77 52 51 46 46 59 65 70 
65 8 71 90 34 75 0 82 127 96 29 29 134 118 97 
59 86 85 32 90 77 82 0 45 26 61 79 52 36 15 
104 129 130 37 93 52 127 45 0 31 98 98 15 17 30 
73 98 99 6 64 51 96 26 31 0 67 67 38 22 19 
48 31 54 61 29 46 29 61 98 67 0 18 105 89 68 
66 31 72 61 11 46 29 79 98 67 18 0 105 89 72 
111 136 137 44 100 59 134 52 15 38 105 105 0 32 37 
95 120 121 28 84 65 118 36 17 22 89 89 32 0 21 
74 99 100 25 83 70 97 15 30 19 68 72 37 21 0 

0 36 47 9 14 57 76 37 46 74 64 17 34 67 54 
36 0 41 45 50 43 112 17 26 88 52 31 70 53 40 
47 41 0 38 53 24 71 50 59 121 85 64 51 20 23 
9 45 38 0 15 48 67 46 55 83 73 26 25 58 45 
14 50 53 15 0 63 62 51 60 68 78 29 20 73 60 
57 43 24 48 63 0 95 60 69 131 95 74 61 10 3 
76 112 71 67 62 95 0 113 122 78 140 91 42 87 94 
37 17 50 46 51 60 113 0 9 71 35 22 71 70 57 
46 26 59 55 60 69 122 9 0 62 26 31 80 79 66 
74 88 121 83 68 131 78 71 62 0 62 57 70 141 128 
64 52 85 73 78 95 140 35 26 62 0 49 98 105 92 
17 31 64 26 29 74 91 22 31 57 49 0 49 84 71 
34 70 51 25 20 61 42 71 80 70 98 49 0 71 58 
67 53 20 58 73 10 87 70 79 141 105 84 71 0 13 
54 40 23 45 60 3 94 57 66 128 92 71 58 13 0 

0 42 90 79 125 72 47 65 55 99 77 73 116 61 28 
42 0 56 57 103 70 73 23 33 57 55 39 74 29 18 
90 56 0 53 55 118 121 43 69 69 99 17 26 29 74 
79 57 53 0 46 65 68 44 24 70 46 36 79 28 75 
125 103 55 46 0 63 78 90 70 116 48 64 81 74 121 
72 70 118 65 63 0 25 93 49 127 19 101 144 89 68 
47 73 121 68 78 25 0 96 52 130 30 104 147 92 59 
65 23 43 44 90 93 96 0 44 34 74 26 51 16 37 
55 33 69 24 70 49 52 44 0 78 30 52 95 40 51 
99 57 69 70 116 127 130 34 78 0 108 52 43 42 71 
77 55 99 46 48 19 30 74 30 108 0 82 125 70 73 
73 39 17 36 64 101 104 26 52 52 82 0 43 12 57 
116 74 26 79 81 144 147 51 95 43 125 43 0 55 88 
61 29 29 28 74 89 92 16 40 42 70 12 55 0 47 
28 18 74 75 121 68 59 37 51 71 73 57 88 47 0 

0 48 115 137 59 49 117 74 21 69 136 152 132 61 90 
48 0 69 89 11 9 71 26 63 23 88 104 84 95 42 
115 69 0 114 80 78 8 49 94 46 97 93 73 164 109 
137 89 114 0 78 88 116 65 152 84 17 23 41 76 47 
59 11 80 78 0 10 82 31 74 34 77 93 73 84 31 
49 9 78 88 10 0 80 29 64 32 87 103 83 86 41 
117 71 8 116 82 80 0 51 96 48 99 93 75 166 111 
74 26 49 65 31 29 51 0 89 21 62 78 58 115 60 
21 63 94 152 74 64 96 89 0 68 151 167 147 76 105 
69 23 46 84 34 32 48 21 68 0 83 99 79 118 63 
136 88 97 17 77 87 99 62 151 83 0 16 24 75 46 
152 104 93 23 93 103 93 78 167 99 16 0 20 91 62 
132 84 73 41 73 83 75 58 147 79 24 20 0 91 42 
61 95 164 76 84 86 166 115 76 118 75 91 91 0 55 
90 42 109 47 31 41 111 60 105 63 46 62 42 55 0 

