0 54 77 76 89 93 80 79 114 55 73 78 45 118 43 71 75 14 89 34 
54 0 45 82 67 71 58 57 92 3 27 92 23 96 97 125 21 50 143 52 
77 45 0 105 38 64 13 32 61 42 18 115 34 57 120 148 24 73 166 75 
76 82 105 0 67 41 94 73 44 83 101 10 71 48 53 43 103 62 61 42 
89 67 38 67 0 26 27 10 25 64 40 77 44 29 82 110 46 75 128 55 
93 71 64 41 26 0 53 32 21 68 60 51 48 25 70 84 62 79 102 59 
80 58 13 94 27 53 0 21 50 55 31 104 35 46 109 137 37 66 155 64 
79 57 32 73 10 32 21 0 35 54 30 83 34 39 88 116 36 65 134 45 
114 92 61 44 25 21 50 35 0 89 65 54 69 4 91 87 71 100 105 80 
55 3 42 83 64 68 55 54 89 0 24 93 20 93 98 126 20 51 144 53 
73 27 18 101 40 60 31 30 65 24 0 111 30 69 116 144 6 69 162 71 
78 92 115 10 77 51 104 83 54 93 111 0 81 58 55 33 113 64 51 44 
45 23 34 71 44 48 35 34 69 20 30 81 0 73 86 114 32 39 132 41 
118 96 57 48 29 25 46 39 4 93 69 58 73 0 95 91 75 104 109 84 
43 97 120 53 82 70 109 88 91 98 116 55 86 95 0 32 118 47 46 45 
71 125 148 43 110 84 137 116 87 126 144 33 114 91 32 0 146 75 18 73 
75 21 24 103 46 62 37 36 71 20 6 113 32 75 118 146 0 71 164 73 
14 50 73 62 75 79 66 65 100 51 69 64 39 104 47 75 71 0 93 20 
89 143 166 61 128 102 155 134 105 144 162 51 132 109 46 18 164 93 0 91 
34 52 75 42 55 59 64 45 80 53 71 44 41 84 45 73 73 20 91 0 

0 83 8 61 45 29 68 74 25 51 95 44 121 42 95 74 84 29 51 27 
83 0 91 62 42 100 83 9 58 32 46 75 38 71 94 9 17 54 32 56 
8 91 0 57 49 25 64 82 33 59 91 40 129 38 91 82 92 37 59 35 
61 62 57 0 20 38 21 53 46 38 34 17 100 19 34 53 63 38 30 56 
45 42 49 20 0 58 41 33 30 22 50 33 80 29 52 33 43 22 10 40 
29 100 25 38 58 0 39 91 42 68 66 25 138 29 66 91 101 46 68 44 
68 83 64 21 41 39 0 74 53 51 47 24 121 26 27 74 84 45 51 63 
74 9 82 53 33 91 74 0 49 23 49 66 47 62 85 2 20 45 23 47 
25 58 33 46 30 42 53 49 0 26 80 29 96 27 80 49 59 8 36 10 
51 32 59 38 22 68 51 23 26 0 72 43 70 39 72 23 43 22 28 24 
95 46 91 34 50 66 47 49 80 72 0 51 74 53 58 51 37 72 44 90 
44 75 40 17 33 25 24 66 29 43 51 0 113 4 51 66 76 21 43 39 
121 38 129 100 80 138 121 47 96 70 74 113 0 109 132 47 37 92 70 94 
42 71 38 19 29 29 26 62 27 39 53 4 109 0 53 62 72 19 39 37 
95 94 91 34 52 66 27 85 80 72 58 51 132 53 0 85 95 72 62 90 
74 9 82 53 33 91 74 2 49 23 51 66 47 62 85 0 22 45 23 47 
84 17 92 63 43 101 84 20 59 43 37 76 37 72 95 22 0 55 33 61 
29 54 37 38 22 46 45 45 8 22 72 21 92 19 72 45 55 0 28 18 
51 32 59 30 10 68 51 23 36 28 44 43 70 39 62 23 33 28 0 46 
27 56 35 56 40 44 63 47 10 24 90 39 94 37 90 47 61 18 46 0 

