0 86 42 84 17 36 15 76 50 55 77 120 109 73 
86 0 44 132 69 66 101 130 114 67 141 104 23 65 
42 44 0 88 25 22 57 86 70 29 97 94 67 47 
84 132 88 0 71 82 87 8 34 65 9 36 155 67 
17 69 25 71 0 19 32 63 45 42 72 107 92 60 
36 66 22 82 19 0 51 80 64 51 91 116 73 69 
15 101 57 87 32 51 0 79 53 58 80 123 124 76 
76 130 86 8 63 80 79 0 26 63 11 44 153 65 
50 114 70 34 45 64 53 26 0 47 27 70 137 49 
55 67 29 65 42 51 58 63 47 0 74 65 90 18 
77 141 97 9 72 91 80 11 27 74 0 43 164 76 
120 104 94 36 107 116 123 44 70 65 43 0 127 47 
109 23 67 155 92 73 124 153 137 90 164 127 0 88 
73 65 47 67 60 69 76 65 49 18 76 47 88 0 

0 40 71 102 7 63 99 81 102 53 50 62 53 79 
40 0 57 88 37 67 85 67 62 53 90 68 39 65 
71 57 0 49 78 80 62 18 49 66 103 81 18 78 
102 88 49 0 109 39 13 67 98 49 56 40 49 29 
7 37 78 109 0 70 106 88 99 60 53 69 60 86 
63 67 80 39 70 0 36 98 129 14 23 1 78 16 
99 85 62 13 106 36 0 80 111 46 53 37 60 20 
81 67 18 67 88 98 80 0 31 84 121 99 28 96 
102 62 49 98 99 129 111 31 0 115 152 130 51 127 
53 53 66 49 60 14 46 84 115 0 37 15 64 26 
50 90 103 56 53 23 53 121 152 37 0 22 101 33 
62 68 81 40 69 1 37 99 130 15 22 0 79 17 
53 39 18 49 60 78 60 28 51 64 101 79 0 76 
79 65 78 29 86 16 20 96 127 26 33 17 76 0 

0 114 26 51 53 94 98 68 55 56 21 93 115 34 
114 0 104 63 61 68 20 46 59 84 93 73 31 96 
26 104 0 41 43 88 88 58 45 30 45 83 105 8 
51 63 41 0 6 65 47 17 10 53 30 76 64 33 
53 61 43 6 0 71 45 19 16 47 32 70 62 35 
94 68 88 65 71 0 48 52 55 118 73 141 37 96 
98 20 88 47 45 48 0 30 43 70 77 93 17 80 
68 46 58 17 19 52 30 0 13 66 47 89 47 50 
55 59 45 10 16 55 43 13 0 63 34 86 60 41 
56 84 30 53 47 118 70 66 63 0 75 63 85 22 
21 93 45 30 32 73 77 47 34 75 0 98 94 53 
93 73 83 76 70 141 93 89 86 63 98 0 104 75 
115 31 105 64 62 37 17 47 60 85 94 104 0 97 
34 96 8 33 35 96 80 50 41 22 53 75 97 0 

0 43 37 67 50 17 78 52 65 87 7 57 71 41 
43 0 78 96 85 26 87 95 68 90 36 54 114 66 
37 78 0 30 87 52 41 17 28 50 42 94 60 12 
67 96 30 0 117 70 11 35 46 54 66 124 90 30 
50 85 87 117 0 59 128 82 115 137 51 53 29 91 
17 26 52 70 59 0 75 69 62 84 10 60 88 40 
78 87 41 11 128 75 0 46 37 45 77 135 101 37 
52 95 17 35 82 69 46 0 45 55 59 89 55 29 
65 68 28 46 115 62 37 45 0 22 64 122 88 24 
87 90 50 54 137 84 45 55 22 0 86 144 110 46 
7 36 42 66 51 10 77 59 64 86 0 58 78 40 
57 54 94 124 53 60 135 89 122 144 58 0 82 98 
71 114 60 90 29 88 101 55 88 110 78 82 0 64 
41 66 12 30 91 40 37 29 24 46 40 98 64 0 

0 41 99 19 72 10 106 89 29 93 91 37 89 124 
41 0 68 46 49 35 65 68 52 72 70 42 48 83 
99 68 0 104 27 93 99 66 110 22 16 100 80 77 
19 46 104 0 77 11 111 70 10 82 88 18 94 129 
72 49 27 77 0 66 80 39 83 23 21 73 61 58 
10 35 93 11 66 0 100 79 19 83 81 27 83 118 
106 65 99 111 80 100 0 99 117 103 101 107 19 22 
89 68 66 70 39 79 99 0 60 44 50 52 80 91 
29 52 110 10 83 19 117 60 0 88 94 10 100 135 
93 72 22 82 23 83 103 44 88 0 6 78 84 81 
91 70 16 88 21 81 101 50 94 6 0 84 82 79 
37 42 100 18 73 27 107 52 10 78 84 0 90 125 
89 48 80 94 61 83 19 80 100 84 82 90 0 35 
124 83 77 129 58 118 22 91 135 81 79 125 35 0 

0 54 67 48 39 74 54 46 25 73 21 73 31 52 
54 0 57 74 93 128 52 72 51 99 33 71 83 78 
67 57 0 115 84 71 93 113 92 140 46 112 98 119 
48 74 115 0 47 82 46 4 23 43 69 65 37 6 
39 93 84 47 0 35 93 51 48 90 60 112 14 53 
74 128 71 82 35 0 128 86 83 125 95 147 45 88 
54 52 93 46 93 128 0 42 45 47 47 19 83 40 
46 72 113 4 51 86 42 0 21 39 67 61 41 6 
25 51 92 23 48 83 45 21 0 48 46 64 38 27 
73 99 140 43 90 125 47 39 48 0 94 28 80 37 
21 33 46 69 60 95 47 67 46 94 0 66 52 73 
73 71 112 65 112 147 19 61 64 28 66 0 102 59 
31 83 98 37 14 45 83 41 38 80 52 102 0 43 
52 78 119 6 53 88 40 6 27 37 73 59 43 0 

0 12 35 76 41 74 97 44 73 35 33 28 67 14 
12 0 41 64 53 68 85 50 61 23 39 32 55 26 
35 41 0 87 30 109 108 45 84 54 14 39 78 25 
76 64 87 0 117 112 47 42 41 57 101 48 9 90 
41 53 30 117 0 79 138 75 114 76 28 69 108 27 
74 68 109 112 79 0 79 118 71 55 107 100 113 84 
97 85 108 47 138 79 0 63 24 62 122 69 48 111 
44 50 45 42 75 118 63 0 47 63 59 18 33 48 
73 61 84 41 114 71 24 47 0 38 98 45 42 87 
35 23 54 57 76 55 62 63 38 0 60 45 58 49 
33 39 14 101 28 107 122 59 98 60 0 53 92 23 
28 32 39 48 69 100 69 18 45 45 53 0 39 42 
67 55 78 9 108 113 48 33 42 58 92 39 0 81 
14 26 25 90 27 84 111 48 87 49 23 42 81 0 

0 142 76 48 89 2 67 75 33 67 3 48 78 68 
142 0 82 94 73 140 87 67 175 75 145 94 102 74 
76 82 0 30 151 74 13 103 109 17 79 68 140 72 
48 94 30 0 121 46 35 73 81 19 51 38 110 42 
89 73 151 121 0 89 156 48 102 134 86 83 29 79 
2 140 74 46 89 0 67 73 35 65 5 46 78 66 
67 87 13 35 156 67 0 108 96 22 70 73 145 77 
75 67 103 73 48 73 108 0 108 86 78 35 37 31 
33 175 109 81 102 35 96 108 0 100 30 81 73 101 
67 75 17 19 134 65 22 86 100 0 70 51 123 55 
3 145 79 51 86 5 70 78 30 70 0 51 75 71 
48 94 68 38 83 46 73 35 81 51 51 0 72 20 
78 102 140 110 29 78 145 37 73 123 75 72 0 68 
68 74 72 42 79 66 77 31 101 55 71 20 68 0 

0 54 32 96 64 84 86 68 91 88 123 74 88 113 
54 0 40 82 50 30 32 34 37 38 109 54 74 59 
32 40 0 64 42 70 72 54 77 74 91 60 56 99 
96 82 64 0 32 58 78 48 53 44 27 28 10 57 
64 50 42 32 0 28 46 16 35 32 59 18 24 57 
84 30 70 58 28 0 20 16 7 14 85 30 50 29 
86 32 72 78 46 20 0 30 25 34 105 50 70 27 
68 34 54 48 16 16 30 0 23 20 75 20 40 45 
91 37 77 53 35 7 25 23 0 9 80 25 45 22 
88 38 74 44 32 14 34 20 9 0 71 16 38 25 
123 109 91 27 59 85 105 75 80 71 0 55 35 84 
74 54 60 28 18 30 50 20 25 16 55 0 24 39 
88 74 56 10 24 50 70 40 45 38 35 24 0 63 
113 59 99 57 57 29 27 45 22 25 84 39 63 0 

0 45 72 84 87 80 30 55 52 83 37 47 12 19 
45 0 85 59 100 43 15 68 65 96 24 60 33 64 
72 85 0 38 27 42 80 45 24 25 109 25 84 65 
84 59 38 0 65 16 54 83 62 63 83 39 72 103 
87 100 27 65 0 61 95 32 35 4 124 40 99 80 
80 43 42 16 61 0 50 79 58 59 67 35 68 99 
30 15 80 54 95 50 0 63 60 91 29 55 18 49 
55 68 45 83 32 79 63 0 21 28 92 44 67 48 
52 65 24 62 35 58 60 21 0 31 89 23 64 45 
83 96 25 63 4 59 91 28 31 0 120 36 95 76 
37 24 109 83 124 67 29 92 89 120 0 84 25 46 
47 60 25 39 40 35 55 44 23 36 84 0 59 64 
12 33 84 72 99 68 18 67 64 95 25 59 0 31 
19 64 65 103 80 99 49 48 45 76 46 64 31 0 

0 25 19 91 59 47 55 45 47 37 38 69 49 44 
25 0 44 92 84 62 66 70 72 38 39 94 74 69 
19 44 0 104 40 34 42 26 28 50 51 50 30 25 
91 92 104 0 106 138 146 110 82 54 53 78 114 109 
59 84 40 106 0 32 40 14 24 78 55 28 10 15 
47 62 34 138 32 0 8 28 56 84 85 60 24 29 
55 66 42 146 40 8 0 36 64 92 93 68 32 37 
45 70 26 110 14 28 36 0 28 64 57 32 4 1 
47 72 28 82 24 56 64 28 0 66 43 22 32 27 
37 38 50 54 78 84 92 64 66 0 23 88 68 63 
38 39 51 53 55 85 93 57 43 23 0 65 61 56 
69 94 50 78 28 60 68 32 22 88 65 0 36 31 
49 74 30 114 10 24 32 4 32 68 61 36 0 5 
44 69 25 109 15 29 37 1 27 63 56 31 5 0 

0 112 61 57 36 46 19 28 61 27 66 19 71 96 
112 0 67 85 148 158 101 140 113 121 102 93 41 16 
61 67 0 118 81 91 80 73 46 88 35 46 98 51 
57 85 118 0 69 73 38 83 118 36 123 72 44 69 
36 148 81 69 0 40 47 14 49 39 54 55 107 132 
46 158 91 73 40 0 57 54 89 37 94 65 117 142 
19 101 80 38 47 57 0 45 80 20 85 34 60 85 
28 140 73 83 14 54 45 0 35 53 40 47 99 124 
61 113 46 118 49 89 80 35 0 88 11 46 98 97 
27 121 88 36 39 37 20 53 88 0 93 42 80 105 
66 102 35 123 54 94 85 40 11 93 0 51 103 86 
19 93 46 72 55 65 34 47 46 42 51 0 52 77 
71 41 98 44 107 117 60 99 98 80 103 52 0 49 
96 16 51 69 132 142 85 124 97 105 86 77 49 0 

0 25 92 83 20 74 50 76 106 104 79 64 69 98 
25 0 75 58 19 49 25 59 81 87 62 39 52 73 
92 75 0 115 94 106 82 50 138 46 97 96 29 130 
83 58 115 0 63 23 33 65 23 69 44 19 86 15 
20 19 94 63 0 54 30 78 86 106 81 44 71 78 
74 49 106 23 54 0 24 64 36 92 67 24 77 30 
50 25 82 33 30 24 0 56 56 84 59 16 53 48 
76 59 50 65 78 64 56 0 88 28 47 46 21 80 
106 81 138 23 86 36 56 88 0 92 41 42 109 8 
104 87 46 69 106 92 84 28 92 0 51 68 35 84 
79 62 97 44 81 67 59 47 41 51 0 43 68 37 
64 39 96 19 44 24 16 46 42 68 43 0 67 34 
69 52 29 86 71 77 53 21 109 35 68 67 0 101 
98 73 130 15 78 30 48 80 8 84 37 34 101 0 

0 32 25 20 47 64 117 24 51 84 27 16 85 28 
32 0 7 52 79 86 139 56 69 116 15 16 107 58 
25 7 0 45 72 87 140 49 62 109 8 17 108 51 
20 52 45 0 41 56 109 22 59 64 37 36 77 36 
47 79 72 41 0 97 150 23 18 73 64 63 118 21 
64 86 87 56 97 0 53 78 115 96 91 70 33 92 
117 139 140 109 150 53 0 131 168 77 144 123 32 145 
24 56 49 22 23 78 131 0 37 60 41 40 99 14 
51 69 62 59 18 115 168 37 0 91 54 53 136 23 
84 116 109 64 73 96 77 60 91 0 101 100 63 68 
27 15 8 37 64 91 144 41 54 101 0 21 112 43 
16 16 17 36 63 70 123 40 53 100 21 0 91 42 
85 107 108 77 118 33 32 99 136 63 112 91 0 113 
28 58 51 36 21 92 145 14 23 68 43 42 113 0 

0 78 11 49 37 104 54 107 59 130 66 74 71 62 
78 0 73 55 43 68 96 49 35 52 76 56 77 16 
11 73 0 44 32 99 43 96 54 125 55 63 66 57 
49 55 44 0 12 55 67 104 20 81 63 71 22 49 
37 43 32 12 0 67 55 92 22 93 51 59 34 37 
104 68 99 55 67 0 122 117 45 44 102 84 33 62 
54 96 43 67 55 122 0 69 77 148 20 40 89 80 
107 49 96 104 92 117 69 0 84 79 49 33 126 55 
59 35 54 20 22 45 77 84 0 71 57 51 42 29 
130 52 125 81 93 44 148 79 71 0 128 108 59 68 
66 76 55 63 51 102 20 49 57 128 0 20 85 60 
74 56 63 71 59 84 40 33 51 108 20 0 93 40 
71 77 66 22 34 33 89 126 42 59 85 93 0 71 
62 16 57 49 37 62 80 55 29 68 60 40 71 0 

0 142 58 8 51 87 90 12 28 102 89 65 71 158 
142 0 84 134 91 57 52 154 114 78 53 77 71 16 
58 84 0 50 27 71 46 70 30 64 31 55 33 100 
8 134 50 0 43 79 82 20 20 94 81 57 63 150 
51 91 27 43 0 44 39 63 31 91 40 28 60 107 
87 57 71 79 44 0 25 99 75 135 84 22 104 71 
90 52 46 82 39 25 0 102 62 110 59 25 79 68 
12 154 70 20 63 99 102 0 40 114 101 77 83 170 
28 114 30 20 31 75 62 40 0 74 61 59 43 130 
102 78 64 94 91 135 110 114 74 0 51 119 31 84 
89 53 31 81 40 84 59 101 61 51 0 68 20 69 
65 77 55 57 28 22 25 77 59 119 68 0 88 93 
71 71 33 63 60 104 79 83 43 31 20 88 0 87 
158 16 100 150 107 71 68 170 130 84 69 93 87 0 

0 130 84 69 34 15 115 84 74 125 77 100 41 64 
130 0 46 101 128 127 17 46 80 9 55 38 89 112 
84 46 0 65 82 81 31 8 70 41 45 28 43 68 
69 101 65 0 103 84 86 73 27 96 48 71 72 133 
34 128 82 103 0 19 113 82 108 123 83 98 39 30 
15 127 81 84 19 0 112 81 89 122 74 97 38 49 
115 17 31 86 113 112 0 31 63 10 38 21 74 97 
84 46 8 73 82 81 31 0 78 41 53 36 43 66 
74 80 70 27 108 89 63 78 0 71 25 44 77 138 
125 9 41 96 123 122 10 41 71 0 48 29 84 107 
77 55 45 48 83 74 38 53 25 48 0 23 52 113 
100 38 28 71 98 97 21 36 44 29 23 0 59 96 
41 89 43 72 39 38 74 43 77 84 52 59 0 61 
64 112 68 133 30 49 97 66 138 107 113 96 61 0 

0 9 55 107 39 36 29 68 79 63 49 62 40 30 
9 0 46 98 30 29 36 77 70 56 58 55 31 39 
55 46 0 52 16 51 58 123 24 78 104 77 15 85 
107 98 52 0 68 81 110 175 28 78 156 73 67 137 
39 30 16 68 0 47 42 107 40 74 88 73 5 69 
36 29 51 81 47 0 65 94 61 27 75 26 42 56 
29 36 58 110 42 65 0 65 82 92 46 91 43 27 
68 77 123 175 107 94 65 0 147 97 27 102 108 38 
79 70 24 28 40 61 82 147 0 88 128 87 39 109 
63 56 78 78 74 27 92 97 88 0 92 5 69 75 
49 58 104 156 88 75 46 27 128 92 0 91 89 19 
62 55 77 73 73 26 91 102 87 5 91 0 68 74 
40 31 15 67 5 42 43 108 39 69 89 68 0 70 
30 39 85 137 69 56 27 38 109 75 19 74 70 0 

0 111 115 29 38 79 44 77 112 82 91 5 152 84 
111 0 16 82 73 32 93 70 1 39 38 116 41 29 
115 16 0 86 77 36 97 86 17 33 54 120 37 45 
29 82 86 0 37 50 45 72 83 53 62 34 123 55 
38 73 77 37 0 49 82 39 74 74 53 43 114 46 
79 32 36 50 49 0 61 84 33 25 52 84 73 43 
44 93 97 45 82 61 0 117 94 64 85 47 134 76 
77 70 86 72 39 84 117 0 69 109 32 82 83 41 
112 1 17 83 74 33 94 69 0 40 37 117 40 28 
82 39 33 53 74 25 64 109 40 0 77 87 70 68 
91 38 54 62 53 52 85 32 37 77 0 96 61 9 
5 116 120 34 43 84 47 82 117 87 96 0 157 89 
152 41 37 123 114 73 134 83 40 70 61 157 0 68 
84 29 45 55 46 43 76 41 28 68 9 89 68 0 

0 125 16 23 62 82 35 99 114 71 51 21 23 91 
125 0 109 116 93 69 90 26 11 54 88 104 112 82 
16 109 0 37 76 96 19 83 98 59 65 35 37 105 
23 116 37 0 39 59 34 90 105 62 28 12 4 68 
62 93 76 39 0 24 73 67 82 39 11 41 39 29 
82 69 96 59 24 0 93 47 58 37 31 61 59 13 
35 90 19 34 73 93 0 64 79 56 62 32 34 102 
99 26 83 90 67 47 64 0 15 28 62 78 86 56 
114 11 98 105 82 58 79 15 0 43 77 93 101 71 
71 54 59 62 39 37 56 28 43 0 34 50 58 46 
51 88 65 28 11 31 62 62 77 34 0 30 28 40 
21 104 35 12 41 61 32 78 93 50 30 0 8 70 
23 112 37 4 39 59 34 86 101 58 28 8 0 68 
91 82 105 68 29 13 102 56 71 46 40 70 68 0 

0 27 24 98 117 90 123 53 81 29 60 41 63 70 
27 0 51 71 90 63 96 66 98 56 35 68 36 87 
24 51 0 122 141 114 147 77 97 21 84 31 87 86 
98 71 122 0 31 26 25 45 65 127 68 139 57 62 
117 90 141 31 0 57 46 64 96 146 57 158 54 85 
90 63 114 26 57 0 33 37 47 119 94 131 83 54 
123 96 147 25 46 33 0 70 80 152 83 164 72 87 
53 66 77 45 64 37 70 0 32 82 101 94 90 21 
81 98 97 65 96 47 80 32 0 76 133 84 122 11 
29 56 21 127 146 119 152 82 76 0 89 12 92 65 
60 35 84 68 57 94 83 101 133 89 0 101 11 122 
41 68 31 139 158 131 164 94 84 12 101 0 104 77 
63 36 87 57 54 83 72 90 122 92 11 104 0 111 
70 87 86 62 85 54 87 21 11 65 122 77 111 0 

0 130 102 113 105 115 54 109 67 24 109 34 66 28 
130 0 134 87 49 107 76 21 97 106 117 106 64 154 
102 134 0 47 89 27 58 113 37 106 17 68 86 74 
113 87 47 0 42 20 67 66 46 117 30 79 97 85 
105 49 89 42 0 62 59 42 52 109 72 71 89 109 
115 107 27 20 62 0 69 86 48 119 10 81 99 87 
54 76 58 67 59 69 0 55 21 50 63 30 30 78 
109 21 113 66 42 86 55 0 76 85 96 85 47 133 
67 97 37 46 52 48 21 76 0 71 42 33 51 57 
24 106 106 117 109 119 50 85 71 0 113 38 42 48 
109 117 17 30 72 10 63 96 42 113 0 75 93 81 
34 106 68 79 71 81 30 85 33 38 75 0 42 48 
66 64 86 97 89 99 30 47 51 42 93 42 0 90 
28 154 74 85 109 87 78 133 57 48 81 48 90 0 

0 53 89 53 98 52 51 7 49 13 34 62 21 71 
53 0 92 106 67 15 34 54 20 66 21 115 68 32 
89 92 0 98 25 77 58 96 72 82 71 85 110 60 
53 106 98 0 107 91 72 60 86 40 85 13 68 80 
98 67 25 107 0 52 47 105 49 91 64 94 119 35 
52 15 77 91 52 0 19 59 5 51 18 100 73 19 
51 34 58 72 47 19 0 58 14 44 17 81 72 20 
7 54 96 60 105 59 58 0 56 20 41 69 14 78 
49 20 72 86 49 5 14 56 0 46 15 95 70 22 
13 66 82 40 91 51 44 20 46 0 45 49 28 64 
34 21 71 85 64 18 17 41 15 45 0 94 55 37 
62 115 85 13 94 100 81 69 95 49 94 0 77 83 
21 68 110 68 119 73 72 14 70 28 55 77 0 92 
71 32 60 80 35 19 20 78 22 64 37 83 92 0 

0 49 76 87 74 69 71 96 56 95 64 44 97 92 
49 0 65 136 103 118 120 145 105 144 113 71 146 141 
76 65 0 71 38 57 55 80 40 79 100 32 83 76 
87 136 71 0 33 42 30 19 31 8 85 65 68 37 
74 103 38 33 0 55 43 42 20 41 98 32 81 50 
69 118 57 42 55 0 12 27 35 38 43 47 28 23 
71 120 55 30 43 12 0 25 23 26 55 49 38 21 
96 145 80 19 42 27 25 0 40 15 66 74 49 18 
56 105 40 31 20 35 23 40 0 39 78 34 61 36 
95 144 79 8 41 38 26 15 39 0 81 73 64 33 
64 113 100 85 98 43 55 66 78 81 0 68 33 48 
44 71 32 65 32 47 49 74 34 73 68 0 75 70 
97 146 83 68 81 28 38 49 61 64 33 75 0 31 
92 141 76 37 50 23 21 18 36 33 48 70 31 0 

