0 72 40 34 21 63 41 93 59 39 71 69 29 
72 0 64 76 71 45 37 35 43 87 37 21 101 
40 64 0 74 19 69 61 85 35 79 63 61 45 
34 76 74 0 55 67 45 97 93 11 75 73 29 
21 71 19 55 0 62 42 92 42 60 70 68 30 
63 45 69 67 62 0 22 30 88 78 8 24 92 
41 37 61 45 42 22 0 52 80 56 30 28 70 
93 35 85 97 92 30 52 0 78 108 22 24 122 
59 43 35 93 42 88 80 78 0 98 80 64 72 
39 87 79 11 60 78 56 108 98 0 86 84 34 
71 37 63 75 70 8 30 22 80 86 0 16 100 
69 21 61 73 68 24 28 24 64 84 16 0 98 
29 101 45 29 30 92 70 122 72 34 100 98 0 

0 33 57 40 78 26 74 40 138 41 120 27 121 
33 0 90 33 93 25 75 73 139 8 121 32 122 
57 90 0 97 33 71 29 17 93 98 75 58 76 
40 33 97 0 100 58 76 80 106 31 88 39 89 
78 93 33 100 0 104 24 48 60 101 58 61 57 
26 25 71 58 104 0 100 56 164 31 146 53 147 
74 75 29 76 24 100 0 44 64 77 46 47 47 
40 73 17 80 48 56 44 0 108 81 90 41 91 
138 139 93 106 60 164 64 108 0 137 18 111 17 
41 8 98 31 101 31 77 81 137 0 119 40 120 
120 121 75 88 58 146 46 90 18 119 0 93 1 
27 32 58 39 61 53 47 41 111 40 93 0 94 
121 122 76 89 57 147 47 91 17 120 1 94 0 

0 75 37 82 68 20 49 77 41 109 114 51 119 
75 0 58 7 89 63 70 56 40 130 47 24 54 
37 58 0 61 31 57 12 114 78 72 93 74 98 
82 7 61 0 82 70 65 63 47 123 40 31 47 
68 89 31 82 0 88 19 145 109 41 82 105 87 
20 63 57 70 88 0 69 57 23 129 102 39 107 
49 70 12 65 19 69 0 126 90 60 97 86 102 
77 56 114 63 145 57 126 0 36 186 103 40 110 
41 40 78 47 109 23 90 36 0 150 79 16 84 
109 130 72 123 41 129 60 186 150 0 83 146 76 
114 47 93 40 82 102 97 103 79 83 0 63 7 
51 24 74 31 105 39 86 40 16 146 63 0 70 
119 54 98 47 87 107 102 110 84 76 7 70 0 

0 94 73 59 13 78 66 11 85 61 83 17 15 
94 0 55 35 105 16 92 87 63 79 31 77 79 
73 55 0 36 84 71 37 66 12 24 24 56 58 
59 35 36 0 70 35 73 52 44 60 24 42 44 
13 105 84 70 0 89 79 18 96 72 94 28 26 
78 16 71 35 89 0 108 71 79 95 47 61 63 
66 92 37 73 79 108 0 77 29 13 61 83 61 
11 87 66 52 18 71 77 0 78 64 76 10 16 
85 63 12 44 96 79 29 78 0 24 32 68 70 
61 79 24 60 72 95 13 64 24 0 48 70 48 
83 31 24 24 94 47 61 76 32 48 0 66 68 
17 77 56 42 28 61 83 10 68 70 66 0 22 
15 79 58 44 26 63 61 16 70 48 68 22 0 

0 61 17 37 112 56 69 112 45 95 103 30 121 
61 0 58 24 71 117 28 71 82 120 62 31 80 
17 58 0 40 129 63 86 129 62 112 120 37 138 
37 24 40 0 89 93 46 89 58 96 80 7 98 
112 71 129 89 0 106 59 12 67 49 29 92 23 
56 117 63 93 106 0 105 106 39 89 97 86 115 
69 28 86 46 59 105 0 47 70 108 34 49 52 
112 71 129 89 12 106 47 0 67 61 17 92 11 
45 82 62 58 67 39 70 67 0 50 58 51 76 
95 120 112 96 49 89 108 61 50 0 78 89 72 
103 62 120 80 29 97 34 17 58 78 0 83 18 
30 31 37 7 92 86 49 92 51 89 83 0 101 
121 80 138 98 23 115 52 11 76 72 18 101 0 

0 103 52 117 48 20 136 107 24 70 129 87 59 
103 0 67 24 105 87 41 42 105 33 40 22 84 
52 67 0 81 100 32 100 71 76 54 93 51 109 
117 24 81 0 119 101 19 18 119 47 16 30 60 
48 105 100 119 0 68 138 109 24 72 131 89 61 
20 87 32 101 68 0 120 91 44 54 113 71 77 
136 41 100 19 138 120 0 29 138 66 7 49 77 
107 42 71 18 109 91 29 0 109 37 22 20 48 
24 105 76 119 24 44 138 109 0 72 131 89 61 
70 33 54 47 72 54 66 37 72 0 59 17 55 
129 40 93 16 131 113 7 22 131 59 0 42 70 
87 22 51 30 89 71 49 20 89 17 42 0 62 
59 84 109 60 61 77 77 48 61 55 70 62 0 

0 51 78 18 74 77 49 98 18 94 73 85 25 
51 0 59 33 55 116 100 99 69 145 124 74 26 
78 59 0 60 52 113 97 96 92 142 121 71 81 
18 33 60 0 56 83 67 80 36 112 91 67 21 
74 55 52 56 0 61 45 44 88 90 69 19 77 
77 116 113 83 61 0 48 21 91 29 8 42 90 
49 100 97 67 45 48 0 69 43 45 40 56 74 
98 99 96 80 44 21 69 0 112 46 29 25 101 
18 69 92 36 88 91 43 112 0 76 83 99 43 
94 145 142 112 90 29 45 46 76 0 21 71 119 
73 124 121 91 69 8 40 29 83 21 0 50 98 
85 74 71 67 19 42 56 25 99 71 50 0 88 
25 26 81 21 77 90 74 101 43 119 98 88 0 

0 83 88 20 81 46 112 70 83 55 121 37 10 
83 0 103 103 76 81 45 13 112 88 64 60 87 
88 103 0 108 27 86 58 114 35 93 39 51 92 
20 103 108 0 101 30 132 90 73 39 141 57 16 
81 76 27 101 0 79 31 87 36 86 40 44 85 
46 81 86 30 79 0 110 86 51 9 119 35 36 
112 45 58 132 31 110 0 56 67 117 19 75 116 
70 13 114 90 87 86 56 0 123 95 75 71 74 
83 112 35 73 36 51 67 123 0 58 68 52 73 
55 88 93 39 86 9 117 95 58 0 126 42 45 
121 64 39 141 40 119 19 75 68 126 0 84 125 
37 60 51 57 44 35 75 71 52 42 84 0 41 
10 87 92 16 85 36 116 74 73 45 125 41 0 

0 113 33 164 72 117 1 105 62 97 108 31 85 
113 0 98 51 65 66 114 18 59 68 45 82 68 
33 98 0 149 41 102 32 90 39 82 93 16 94 
164 51 149 0 108 61 165 59 110 67 56 133 79 
72 65 41 108 0 61 71 83 10 41 52 53 133 
117 66 102 61 61 0 118 84 63 20 21 86 134 
1 114 32 165 71 118 0 106 61 98 109 32 86 
105 18 90 59 83 84 106 0 73 86 63 74 50 
62 59 39 110 10 63 61 73 0 43 54 43 123 
97 68 82 67 41 20 98 86 43 0 23 66 136 
108 45 93 56 52 21 109 63 54 23 0 77 113 
31 82 16 133 53 86 32 74 43 66 77 0 80 
85 68 94 79 133 134 86 50 123 136 113 80 0 

0 62 64 79 146 114 156 26 53 115 38 104 143 
62 0 92 129 108 76 118 44 115 77 50 66 105 
64 92 0 37 82 84 92 48 23 51 42 48 79 
79 129 37 0 67 121 77 85 28 74 79 85 98 
146 108 82 67 0 54 10 120 95 31 108 42 31 
114 76 84 121 54 0 52 88 107 47 76 36 29 
156 118 92 77 10 52 0 130 105 41 118 52 29 
26 44 48 85 120 88 130 0 71 89 12 78 117 
53 115 23 28 95 107 105 71 0 64 65 71 92 
115 77 51 74 31 47 41 89 64 0 77 11 28 
38 50 42 79 108 76 118 12 65 77 0 66 105 
104 66 48 85 42 36 52 78 71 11 66 0 39 
143 105 79 98 31 29 29 117 92 28 105 39 0 

0 48 75 19 103 76 156 168 95 29 41 32 38 
48 0 97 29 95 94 108 120 117 29 13 34 24 
75 97 0 74 54 27 107 119 34 68 110 63 73 
19 29 74 0 84 71 137 149 94 10 36 13 19 
103 95 54 84 0 27 53 69 22 74 108 71 71 
76 94 27 71 27 0 80 92 23 65 107 60 70 
156 108 107 137 53 80 0 36 73 127 115 124 118 
168 120 119 149 69 92 36 0 91 139 127 136 130 
95 117 34 94 22 23 73 91 0 88 130 83 93 
29 29 68 10 74 65 127 139 88 0 42 5 9 
41 13 110 36 108 107 115 127 130 42 0 47 37 
32 34 63 13 71 60 124 136 83 5 47 0 10 
38 24 73 19 71 70 118 130 93 9 37 10 0 

0 92 85 59 93 148 159 122 47 148 64 24 57 
92 0 77 131 29 56 73 114 119 66 136 96 63 
85 77 0 54 48 63 74 37 44 63 59 87 28 
59 131 54 0 102 115 126 89 12 115 5 35 68 
93 29 48 102 0 55 66 85 90 55 107 95 36 
148 56 63 115 55 0 19 60 107 12 116 150 91 
159 73 74 126 66 19 0 41 118 11 127 161 102 
122 114 37 89 85 60 41 0 81 48 90 124 65 
47 119 44 12 90 107 118 81 0 107 17 43 56 
148 66 63 115 55 12 11 48 107 0 116 150 91 
64 136 59 5 107 116 127 90 17 116 0 40 73 
24 96 87 35 95 150 161 124 43 150 40 0 59 
57 63 28 68 36 91 102 65 56 91 73 59 0 

0 21 28 67 93 90 84 101 84 24 53 84 80 
21 0 35 66 78 69 63 80 63 39 38 63 59 
28 35 0 39 113 62 56 73 70 24 73 56 88 
67 66 39 0 144 23 51 94 101 63 104 69 119 
93 78 113 144 0 127 93 66 49 117 40 75 45 
90 69 62 23 127 0 34 77 84 86 87 52 102 
84 63 56 51 93 34 0 43 50 80 53 18 68 
101 80 73 94 66 77 43 0 17 97 56 25 25 
84 63 70 101 49 84 50 17 0 80 39 32 18 
24 39 24 63 117 86 80 97 80 0 77 80 92 
53 38 73 104 40 87 53 56 39 77 0 39 35 
84 63 56 69 75 52 18 25 32 80 39 0 50 
80 59 88 119 45 102 68 25 18 92 35 50 0 

0 87 75 45 48 102 42 124 110 97 17 27 22 
87 0 88 48 57 19 45 37 23 48 70 100 75 
75 88 0 120 123 79 87 101 87 74 92 48 97 
45 48 120 0 9 63 33 85 71 80 28 72 27 
48 57 123 9 0 72 36 94 80 83 31 75 26 
102 19 79 63 72 0 60 22 8 29 85 115 90 
42 45 87 33 36 60 0 82 68 55 25 55 30 
124 37 101 85 94 22 82 0 14 27 107 137 112 
110 23 87 71 80 8 68 14 0 31 93 123 98 
97 48 74 80 83 29 55 27 31 0 80 110 85 
17 70 92 28 31 85 25 107 93 80 0 44 5 
27 100 48 72 75 115 55 137 123 110 44 0 49 
22 75 97 27 26 90 30 112 98 85 5 49 0 

0 59 13 79 124 37 89 84 54 86 91 14 12 
59 0 46 20 65 22 30 43 33 51 98 45 47 
13 46 0 66 111 24 76 71 41 73 100 3 13 
79 20 66 0 45 42 10 55 45 39 86 65 67 
124 65 111 45 0 87 35 52 70 42 89 110 112 
37 22 24 42 87 0 52 47 25 59 106 23 25 
89 30 76 10 35 52 0 47 37 47 94 75 77 
84 43 71 55 52 47 47 0 30 94 141 70 72 
54 33 41 45 70 25 37 30 0 84 131 40 44 
86 51 73 39 42 59 47 94 84 0 47 72 74 
91 98 100 86 89 106 94 141 131 47 0 97 87 
14 45 3 65 110 23 75 70 40 72 97 0 10 
12 47 13 67 112 25 77 72 44 74 87 10 0 

0 66 18 19 63 25 36 111 121 33 11 47 119 
66 0 80 85 11 47 102 45 59 95 71 53 57 
18 80 0 21 69 43 38 109 139 25 29 65 137 
19 85 21 0 82 38 27 130 128 46 18 54 126 
63 11 69 82 0 44 99 48 70 84 68 50 68 
25 47 43 38 44 0 55 92 96 58 24 22 94 
36 102 38 27 99 55 0 147 101 63 31 49 99 
111 45 109 130 48 92 147 0 94 84 116 98 92 
121 59 139 128 70 96 101 94 0 154 110 74 4 
33 95 25 46 84 58 63 84 154 0 44 80 152 
11 71 29 18 68 24 31 116 110 44 0 36 108 
47 53 65 54 50 22 49 98 74 80 36 0 72 
119 57 137 126 68 94 99 92 4 152 108 72 0 

0 65 95 98 6 95 71 101 86 49 77 35 81 
65 0 76 105 59 30 58 36 21 16 56 30 88 
95 76 0 41 89 94 24 40 75 70 20 102 72 
98 105 41 0 104 123 47 69 104 99 49 131 31 
6 59 89 104 0 89 65 95 80 43 71 29 87 
95 30 94 123 89 0 76 54 19 46 74 60 106 
71 58 24 47 65 76 0 30 57 52 6 84 48 
101 36 40 69 95 54 30 0 35 52 24 66 78 
86 21 75 104 80 19 57 35 0 37 55 51 87 
49 16 70 99 43 46 52 52 37 0 50 32 82 
77 56 20 49 71 74 6 24 55 50 0 82 54 
35 30 102 131 29 60 84 66 51 32 82 0 114 
81 88 72 31 87 106 48 78 87 82 54 114 0 

0 119 50 127 11 83 74 72 86 83 26 9 78 
119 0 69 24 114 36 79 63 33 92 97 110 71 
50 69 0 77 45 75 104 102 36 53 56 41 32 
127 24 77 0 122 44 87 69 57 116 105 118 95 
11 114 45 122 0 78 85 83 81 72 37 8 73 
83 36 75 44 78 0 43 27 69 128 61 74 107 
74 79 104 87 85 43 0 18 98 157 48 77 136 
72 63 102 69 83 27 18 0 96 155 46 75 134 
86 33 36 57 81 69 98 96 0 59 64 77 38 
83 92 53 116 72 128 157 155 59 0 109 80 21 
26 97 56 105 37 61 48 46 64 109 0 29 88 
9 110 41 118 8 74 77 75 77 80 29 0 69 
78 71 32 95 73 107 136 134 38 21 88 69 0 

0 67 45 74 9 10 51 148 59 49 37 120 124 
67 0 74 87 58 61 28 103 14 44 90 75 79 
45 74 0 29 48 55 46 103 60 30 16 75 79 
74 87 29 0 77 84 59 74 73 43 37 46 52 
9 58 48 77 0 7 54 151 62 52 40 123 127 
10 61 55 84 7 0 61 158 69 59 47 130 134 
51 28 46 59 54 61 0 97 14 16 62 69 73 
148 103 103 74 151 158 97 0 89 99 111 36 46 
59 14 60 73 62 69 14 89 0 30 76 61 65 
49 44 30 43 52 59 16 99 30 0 46 71 75 
37 90 16 37 40 47 62 111 76 46 0 83 87 
120 75 75 46 123 130 69 36 61 71 83 0 10 
124 79 79 52 127 134 73 46 65 75 87 10 0 

0 54 47 142 93 83 58 66 16 93 108 82 115 
54 0 19 88 43 123 58 72 42 99 54 42 61 
47 19 0 107 58 130 65 79 31 106 73 37 80 
142 88 107 0 49 89 84 76 130 65 34 76 49 
93 43 58 49 0 80 35 29 81 56 15 85 58 
83 123 130 89 80 0 65 51 99 24 73 165 138 
58 58 65 84 35 65 0 14 46 41 50 100 73 
66 72 79 76 29 51 14 0 54 27 42 114 87 
16 42 31 130 81 99 46 54 0 81 96 66 103 
93 99 106 65 56 24 41 27 81 0 49 141 114 
108 54 73 34 15 73 50 42 96 49 0 92 65 
82 42 37 76 85 165 100 114 66 141 92 0 43 
115 61 80 49 58 138 73 87 103 114 65 43 0 

0 100 117 50 75 43 103 26 24 38 127 70 102 
100 0 101 54 25 57 17 74 76 62 77 62 60 
117 101 0 111 94 74 84 91 93 79 24 47 41 
50 54 111 0 29 65 57 62 30 52 87 72 70 
75 25 94 29 0 48 28 49 51 37 70 55 53 
43 57 74 65 48 0 60 17 35 13 84 27 59 
103 17 84 57 28 60 0 77 79 65 60 45 43 
26 74 91 62 49 17 77 0 32 12 101 44 76 
24 76 93 30 51 35 79 32 0 22 103 46 78 
38 62 79 52 37 13 65 12 22 0 89 32 64 
127 77 24 87 70 84 60 101 103 89 0 57 25 
70 62 47 72 55 27 45 44 46 32 57 0 32 
102 60 41 70 53 59 43 76 78 64 25 32 0 

0 107 131 47 44 65 100 103 48 139 106 96 53 
107 0 24 60 63 82 33 24 77 32 73 51 72 
131 24 0 84 87 106 49 40 101 10 57 35 96 
47 60 84 0 43 62 53 56 51 92 61 49 50 
44 63 87 43 0 105 56 59 14 95 104 82 93 
65 82 106 62 105 0 107 98 113 114 81 71 12 
100 33 49 53 56 107 0 9 70 59 106 84 95 
103 24 40 56 59 98 9 0 73 50 97 75 86 
48 77 101 51 14 113 70 73 0 109 112 90 101 
139 32 10 92 95 114 59 50 109 0 47 43 104 
106 73 57 61 104 81 106 97 112 47 0 22 71 
96 51 35 49 82 71 84 75 90 43 22 0 61 
53 72 96 50 93 12 95 86 101 104 71 61 0 

0 10 80 45 147 160 22 119 114 143 125 111 111 
10 0 86 45 153 166 28 125 120 149 131 117 117 
80 86 0 75 75 80 58 89 82 71 69 31 79 
45 45 75 0 108 121 41 80 75 104 86 90 72 
147 153 75 108 0 37 125 28 33 4 22 90 36 
160 166 80 121 37 0 138 51 46 33 35 53 49 
22 28 58 41 125 138 0 97 92 121 103 89 89 
119 125 89 80 28 51 97 0 7 24 20 104 10 
114 120 82 75 33 46 92 7 0 29 13 97 3 
143 149 71 104 4 33 121 24 29 0 18 86 32 
125 131 69 86 22 35 103 20 13 18 0 84 14 
111 117 31 90 90 53 89 104 97 86 84 0 94 
111 117 79 72 36 49 89 10 3 32 14 94 0 

0 72 79 58 56 60 68 82 49 45 62 93 71 
72 0 37 84 104 38 88 78 57 35 134 21 91 
79 37 0 91 111 19 89 99 66 62 141 36 54 
58 84 91 0 20 76 126 24 27 49 64 105 129 
56 104 111 20 0 92 124 26 47 69 62 125 127 
60 38 19 76 92 0 70 100 67 63 122 37 53 
68 88 89 126 124 70 0 150 117 113 62 103 45 
82 78 99 24 26 100 150 0 33 43 88 99 153 
49 57 66 27 47 67 117 33 0 22 77 78 120 
45 35 62 49 69 63 113 43 22 0 99 56 116 
62 134 141 64 62 122 62 88 77 99 0 155 97 
93 21 36 105 125 37 103 99 78 56 155 0 90 
71 91 54 129 127 53 45 153 120 116 97 90 0 

0 43 49 46 85 109 68 71 39 95 122 76 92 
43 0 20 5 42 66 67 28 46 52 79 33 49 
49 20 0 15 36 60 47 22 40 46 73 27 43 
46 5 15 0 39 63 62 25 41 49 76 30 46 
85 42 36 39 0 30 59 14 76 44 37 9 41 
109 66 60 63 30 0 41 38 100 14 13 39 17 
68 67 47 62 59 41 0 51 59 27 54 68 24 
71 28 22 25 14 38 51 0 62 36 51 17 33 
39 46 40 41 76 100 59 62 0 86 113 67 83 
95 52 46 49 44 14 27 36 86 0 27 53 3 
122 79 73 76 37 13 54 51 113 27 0 46 30 
76 33 27 30 9 39 68 17 67 53 46 0 50 
92 49 43 46 41 17 24 33 83 3 30 50 0 

0 50 154 109 101 93 104 34 83 32 111 129 124 
50 0 112 67 51 51 94 32 41 44 69 87 84 
154 112 0 45 107 61 50 144 71 122 43 29 30 
109 67 45 0 80 16 65 99 26 77 2 20 55 
101 51 107 80 0 68 145 71 88 95 80 78 135 
93 51 61 16 68 0 77 83 20 61 18 36 67 
104 94 50 65 145 77 0 94 57 72 65 67 20 
34 32 144 99 71 83 94 0 73 28 101 119 114 
83 41 71 26 88 20 57 73 0 51 28 46 47 
32 44 122 77 95 61 72 28 51 0 79 97 92 
111 69 43 2 80 18 65 101 28 79 0 18 55 
129 87 29 20 78 36 67 119 46 97 18 0 57 
124 84 30 55 135 67 20 114 47 92 55 57 0 

0 38 31 47 44 49 94 28 66 62 58 84 49 
38 0 69 51 60 43 56 32 70 100 62 46 33 
31 69 0 40 51 80 125 37 65 31 65 115 80 
47 51 40 0 91 94 93 19 33 65 105 83 48 
44 60 51 91 0 71 116 72 110 40 14 106 73 
49 43 80 94 71 0 45 75 113 111 73 35 76 
94 56 125 93 116 45 0 88 70 156 118 18 45 
28 32 37 19 72 75 88 0 38 68 86 78 43 
66 70 65 33 110 113 70 38 0 96 124 88 37 
62 100 31 65 40 111 156 68 96 0 40 146 111 
58 62 65 105 14 73 118 86 124 40 0 108 87 
84 46 115 83 106 35 18 78 88 146 108 0 51 
49 33 80 48 73 76 45 43 37 111 87 51 0 

0 134 74 132 95 57 120 86 83 48 35 68 106 
134 0 104 14 39 77 28 48 51 86 105 66 52 
74 104 0 90 117 105 132 98 109 34 109 56 52 
132 14 90 0 37 75 42 46 49 84 103 64 38 
95 39 117 37 0 38 25 19 12 83 66 61 65 
57 77 105 75 38 0 63 29 26 71 28 49 53 
120 28 132 42 25 63 0 34 37 98 91 76 80 
86 48 98 46 19 29 34 0 11 64 57 42 46 
83 51 109 49 12 26 37 11 0 75 54 53 57 
48 86 34 84 83 71 98 64 75 0 75 22 58 
35 105 109 103 66 28 91 57 54 75 0 53 77 
68 66 56 64 61 49 76 42 53 22 53 0 38 
106 52 52 38 65 53 80 46 57 58 77 38 0 

0 119 82 64 147 119 38 114 164 77 48 165 85 
119 0 55 55 28 62 81 29 45 42 71 46 76 
82 55 0 24 65 117 116 84 82 21 44 83 131 
64 55 24 0 83 93 92 60 100 13 20 101 107 
147 28 65 83 0 74 109 41 17 70 99 24 88 
119 62 117 93 74 0 81 33 65 96 73 50 34 
38 81 116 92 109 81 0 76 126 95 72 127 47 
114 29 84 60 41 33 76 0 50 63 66 51 47 
164 45 82 100 17 65 126 50 0 87 116 15 79 
77 42 21 13 70 96 95 63 87 0 29 88 110 
48 71 44 20 99 73 72 66 116 29 0 117 87 
165 46 83 101 24 50 127 51 15 88 117 0 80 
85 76 131 107 88 34 47 47 79 110 87 80 0 

0 87 143 60 68 59 130 37 45 81 90 48 30 
87 0 56 95 19 106 59 66 116 90 57 63 59 
143 56 0 83 75 84 13 106 98 62 113 95 115 
60 95 83 0 86 11 70 29 21 21 108 32 48 
68 19 75 86 0 97 62 57 107 81 38 54 40 
59 106 84 11 97 0 71 40 14 22 119 43 59 
130 59 13 70 62 71 0 93 85 49 100 82 102 
37 66 106 29 57 40 93 0 50 44 79 11 19 
45 116 98 21 107 14 85 50 0 36 129 53 69 
81 90 62 21 81 22 49 44 36 0 103 33 53 
90 57 113 108 38 119 100 79 129 103 0 76 60 
48 63 95 32 54 43 82 11 53 33 76 0 20 
30 59 115 48 40 59 102 19 69 53 60 20 0 

0 56 4 35 8 16 42 12 49 93 55 79 73 
56 0 60 75 60 56 84 52 89 149 19 135 129 
4 60 0 35 8 16 42 12 49 89 59 75 69 
35 75 35 0 27 19 77 23 34 78 70 64 58 
8 60 8 27 0 8 50 8 41 89 59 75 69 
16 56 16 19 8 0 58 4 33 97 51 83 77 
42 84 42 77 50 58 0 54 91 65 83 51 45 
12 52 12 23 8 4 54 0 37 97 51 83 77 
49 89 49 34 41 33 91 37 0 112 70 98 92 
93 149 89 78 89 97 65 97 112 0 148 14 24 
55 19 59 70 59 51 83 51 70 148 0 134 128 
79 135 75 64 75 83 51 83 98 14 134 0 12 
73 129 69 58 69 77 45 77 92 24 128 12 0 

0 76 23 100 131 28 68 16 9 102 55 31 113 
76 0 99 24 55 64 32 92 85 26 79 65 37 
23 99 0 123 154 47 77 11 14 125 78 54 136 
100 24 123 0 31 76 46 116 109 26 83 69 25 
131 55 154 31 0 107 77 147 140 29 76 100 18 
28 64 47 76 107 0 96 40 33 78 31 7 89 
68 32 77 46 77 96 0 74 63 54 111 97 59 
16 92 11 116 147 40 74 0 11 118 71 47 129 
9 85 14 109 140 33 63 11 0 111 64 40 122 
102 26 125 26 29 78 54 118 111 0 57 71 11 
55 79 78 83 76 31 111 71 64 57 0 24 58 
31 65 54 69 100 7 97 47 40 71 24 0 82 
113 37 136 25 18 89 59 129 122 11 58 82 0 

0 56 39 33 65 102 117 59 94 74 104 24 99 
56 0 95 89 29 50 61 47 38 18 48 80 43 
39 95 0 8 66 103 156 60 133 113 105 21 100 
33 89 8 0 74 111 150 68 127 107 113 13 108 
65 29 66 74 0 37 90 18 67 47 39 87 34 
102 50 103 111 37 0 111 43 88 68 4 124 9 
117 61 156 150 90 111 0 108 23 43 107 141 102 
59 47 60 68 18 43 108 0 85 65 45 81 40 
94 38 133 127 67 88 23 85 0 20 84 118 79 
74 18 113 107 47 68 43 65 20 0 64 98 59 
104 48 105 113 39 4 107 45 84 64 0 126 5 
24 80 21 13 87 124 141 81 118 98 126 0 121 
99 43 100 108 34 9 102 40 79 59 5 121 0 

0 106 104 106 135 32 110 89 84 102 140 61 43 
106 0 34 126 33 80 82 93 26 26 46 91 83 
104 34 0 142 63 96 98 109 20 8 68 57 99 
106 126 142 0 93 74 44 33 122 140 80 99 63 
135 33 63 93 0 103 49 60 55 55 13 120 92 
32 80 96 74 103 0 78 57 76 94 108 53 11 
110 82 98 44 49 78 0 21 78 96 36 95 67 
89 93 109 33 60 57 21 0 89 107 51 74 46 
84 26 20 122 55 76 78 89 0 18 60 65 79 
102 26 8 140 55 94 96 107 18 0 60 65 97 
140 46 68 80 13 108 36 51 60 60 0 125 97 
61 91 57 99 120 53 95 74 65 65 125 0 56 
43 83 99 63 92 11 67 46 79 97 97 56 0 

0 57 89 34 6 56 55 57 118 91 88 60 104 
57 0 62 23 59 113 66 34 95 34 31 37 81 
89 62 0 63 91 145 98 62 51 32 39 31 77 
34 23 63 0 36 90 43 35 96 57 54 38 82 
6 59 91 36 0 62 61 63 124 93 90 66 110 
56 113 145 90 62 0 47 83 94 147 144 114 68 
55 66 98 43 61 47 0 36 63 100 97 67 49 
57 34 62 35 63 83 36 0 61 64 61 31 47 
118 95 51 96 124 94 63 61 0 65 72 58 26 
91 34 32 57 93 147 100 64 65 0 7 33 79 
88 31 39 54 90 144 97 61 72 7 0 30 76 
60 37 31 38 66 114 67 31 58 33 30 0 46 
104 81 77 82 110 68 49 47 26 79 76 46 0 

0 45 145 103 78 104 79 68 108 83 143 58 65 
45 0 100 58 67 93 68 57 63 38 98 47 54 
145 100 0 42 73 83 74 79 51 62 4 113 136 
103 58 42 0 55 81 56 45 25 20 40 71 94 
78 67 73 55 0 26 1 10 80 69 71 40 63 
104 93 83 81 26 0 25 36 106 95 81 46 53 
79 68 74 56 1 25 0 11 81 70 72 39 62 
68 57 79 45 10 36 11 0 70 59 77 34 57 
108 63 51 25 80 106 81 70 0 25 47 76 99 
83 38 62 20 69 95 70 59 25 0 60 51 74 
143 98 4 40 71 81 72 77 47 60 0 111 134 
58 47 113 71 40 46 39 34 76 51 111 0 23 
65 54 136 94 63 53 62 57 99 74 134 23 0 

0 37 36 108 21 61 46 28 41 96 43 26 37 
37 0 69 99 40 24 39 37 62 59 6 63 16 
36 69 0 72 57 93 78 64 7 128 75 28 69 
108 99 72 0 129 81 138 136 67 98 93 100 115 
21 40 57 129 0 64 49 21 62 99 46 29 40 
61 24 93 81 64 0 57 55 86 35 18 87 34 
46 39 78 138 49 57 0 28 71 50 45 72 23 
28 37 64 136 21 55 28 0 69 78 43 44 21 
41 62 7 67 62 86 71 69 0 121 68 33 62 
96 59 128 98 99 35 50 78 121 0 53 122 59 
43 6 75 93 46 18 45 43 68 53 0 69 22 
26 63 28 100 29 87 72 44 33 122 69 0 63 
37 16 69 115 40 34 23 21 62 59 22 63 0 

0 28 26 62 76 32 49 63 101 74 47 44 54 
28 0 18 62 76 32 57 35 101 74 47 44 76 
26 18 0 44 58 24 55 37 83 56 29 26 74 
62 62 44 0 40 30 17 75 39 84 45 22 36 
76 76 58 40 0 44 57 41 25 44 29 32 76 
32 32 24 30 44 0 31 61 69 70 31 12 50 
49 57 55 17 57 31 0 92 52 101 62 39 19 
63 35 37 75 41 61 92 0 66 39 30 53 111 
101 101 83 39 25 69 52 66 0 61 54 57 59 
74 74 56 84 44 70 101 39 61 0 39 62 120 
47 47 29 45 29 31 62 30 54 39 0 23 81 
44 44 26 22 32 12 39 53 57 62 23 0 58 
54 76 74 36 76 50 19 111 59 120 81 58 0 

0 97 37 34 92 109 66 26 118 82 84 80 67 
97 0 68 119 23 12 55 79 21 23 23 49 44 
37 68 0 51 63 80 91 63 89 59 55 85 38 
34 119 51 0 114 131 88 60 140 104 106 102 89 
92 23 63 114 0 27 78 74 38 46 8 72 25 
109 12 80 131 27 0 51 91 11 27 27 45 48 
66 55 91 88 78 51 0 48 52 32 78 14 99 
26 79 63 60 74 91 48 0 100 64 66 62 71 
118 21 89 140 38 11 52 100 0 36 38 38 59 
82 23 59 104 46 27 32 64 36 0 46 26 67 
84 23 55 106 8 27 78 66 38 46 0 72 21 
80 49 85 102 72 45 14 62 38 26 72 0 93 
67 44 38 89 25 48 99 71 59 67 21 93 0 

0 67 58 50 72 20 38 56 60 26 32 63 45 
67 0 85 65 39 87 105 77 33 87 39 46 112 
58 85 0 74 46 78 96 80 52 34 46 87 103 
50 65 74 0 70 54 40 12 58 76 30 19 59 
72 39 46 70 0 92 110 82 12 48 40 51 117 
20 87 78 54 92 0 18 60 80 44 52 67 25 
38 105 96 40 110 18 0 42 98 62 70 59 23 
56 77 80 12 82 60 42 0 70 82 42 31 65 
60 33 52 58 12 80 98 70 0 54 28 39 105 
26 87 34 76 48 44 62 82 54 0 48 89 69 
32 39 46 30 40 52 70 42 28 48 0 41 77 
63 46 87 19 51 67 59 31 39 89 41 0 72 
45 112 103 59 117 25 23 65 105 69 77 72 0 

0 37 100 46 38 154 111 50 87 34 75 146 52 
37 0 79 19 51 167 124 73 56 69 88 159 65 
100 79 0 60 82 88 63 136 23 132 143 80 72 
46 19 60 0 32 148 105 82 41 78 89 140 46 
38 51 82 32 0 116 73 54 69 50 61 108 14 
154 167 88 148 116 0 43 104 111 120 79 8 102 
111 124 63 105 73 43 0 73 68 77 80 35 59 
50 73 136 82 54 104 73 0 123 16 25 96 64 
87 56 23 41 69 111 68 123 0 119 130 103 59 
34 69 132 78 50 120 77 16 119 0 41 112 60 
75 88 143 89 61 79 80 25 130 41 0 71 71 
146 159 80 140 108 8 35 96 103 112 71 0 94 
52 65 72 46 14 102 59 64 59 60 71 94 0 

0 82 119 126 68 87 84 55 80 87 54 10 62 
82 0 99 106 14 31 90 29 60 101 42 72 44 
119 99 0 7 93 68 51 70 39 62 65 121 57 
126 106 7 0 100 75 50 77 46 61 72 128 64 
68 14 93 100 0 25 76 23 54 87 28 58 36 
87 31 68 75 25 0 95 32 53 106 47 77 49 
84 90 51 50 76 95 0 63 42 11 48 86 46 
55 29 70 77 23 32 63 0 31 74 15 51 17 
80 60 39 46 54 53 42 31 0 53 26 82 18 
87 101 62 61 87 106 11 74 53 0 59 89 57 
54 42 65 72 28 47 48 15 26 59 0 56 8 
10 72 121 128 58 77 86 51 82 89 56 0 64 
62 44 57 64 36 49 46 17 18 57 8 64 0 

0 47 64 54 71 103 16 21 53 72 98 33 50 
47 0 17 83 68 132 45 64 24 93 51 62 79 
64 17 0 72 57 121 48 81 35 82 34 59 68 
54 83 72 0 51 49 38 37 107 52 78 21 26 
71 68 57 51 0 64 55 88 92 25 35 66 25 
103 132 121 49 64 0 87 82 156 39 99 70 53 
16 45 48 38 55 87 0 33 69 56 82 17 34 
21 64 81 37 88 82 33 0 74 89 115 22 63 
53 24 35 107 92 156 69 74 0 117 57 86 103 
72 93 82 52 25 39 56 89 117 0 60 67 26 
98 51 34 78 35 99 82 115 57 60 0 93 52 
33 62 59 21 66 70 17 22 86 67 93 0 41 
50 79 68 26 25 53 34 63 103 26 52 41 0 

0 72 71 52 78 107 76 84 62 25 41 29 10 
72 0 33 20 36 65 52 38 36 97 93 81 78 
71 33 0 37 7 36 19 67 9 86 60 100 61 
52 20 37 0 44 73 42 32 28 77 73 63 58 
78 36 7 44 0 29 16 74 16 93 57 107 68 
107 65 36 73 29 0 31 103 45 122 66 136 97 
76 52 19 42 16 31 0 72 16 91 41 105 66 
84 38 67 32 74 103 72 0 58 109 105 93 90 
62 36 9 28 16 45 16 58 0 77 57 91 52 
25 97 86 77 93 122 91 109 77 0 56 16 25 
41 93 60 73 57 66 41 105 57 56 0 70 31 
29 81 100 63 107 136 105 93 91 16 70 0 39 
10 78 61 58 68 97 66 90 52 25 31 39 0 

0 99 63 77 50 91 39 102 43 132 6 75 71 
99 0 84 46 93 8 74 41 56 33 97 54 28 
63 84 0 130 113 90 32 125 52 75 57 138 104 
77 46 130 0 71 40 106 25 78 73 75 8 26 
50 93 113 71 0 85 89 96 61 126 56 63 65 
91 8 90 40 85 0 66 35 48 41 89 48 20 
39 74 32 106 89 66 0 101 28 107 33 114 80 
102 41 125 25 96 35 101 0 73 68 100 33 31 
43 56 52 78 61 48 28 73 0 89 41 86 52 
132 33 75 73 126 41 107 68 89 0 130 81 61 
6 97 57 75 56 89 33 100 41 130 0 81 69 
75 54 138 8 63 48 114 33 86 81 81 0 34 
71 28 104 26 65 20 80 31 52 61 69 34 0 

0 33 124 63 54 41 105 46 99 14 93 64 31 
33 0 123 62 53 40 104 13 98 43 60 81 30 
124 123 0 61 70 83 41 112 55 110 81 60 93 
63 62 61 0 55 40 64 57 78 49 104 37 32 
54 53 70 55 0 15 51 42 45 54 49 92 23 
41 40 83 40 15 0 64 29 58 39 64 77 10 
105 104 41 64 51 64 0 93 14 91 54 101 74 
46 13 112 57 42 29 93 0 87 56 47 94 25 
99 98 55 78 45 58 14 87 0 85 48 115 68 
14 43 110 49 54 39 91 56 85 0 103 50 31 
93 60 81 104 49 64 54 47 48 103 0 141 72 
64 81 60 37 92 77 101 94 115 50 141 0 69 
31 30 93 32 23 10 74 25 68 31 72 69 0 

0 27 94 89 44 26 119 82 77 79 79 33 63 
27 0 121 64 17 17 146 109 50 52 106 60 36 
94 121 0 57 136 104 25 12 99 109 19 61 87 
89 64 57 0 79 63 82 65 42 52 76 88 30 
44 17 136 79 0 32 161 124 37 35 121 75 49 
26 17 104 63 32 0 129 92 51 53 89 43 37 
119 146 25 82 161 129 0 37 124 134 40 86 112 
82 109 12 65 124 92 37 0 87 97 11 49 75 
77 50 99 42 37 51 124 87 0 10 84 76 14 
79 52 109 52 35 53 134 97 10 0 94 78 22 
79 106 19 76 121 89 40 11 84 94 0 46 72 
33 60 61 88 75 43 86 49 76 78 46 0 62 
63 36 87 30 49 37 112 75 14 22 72 62 0 

0 53 88 29 116 45 53 83 42 60 60 27 43 
53 0 61 56 63 98 38 110 69 7 21 68 70 
88 61 0 85 30 133 87 59 94 60 82 103 87 
29 56 85 0 113 48 82 54 13 57 77 56 14 
116 63 30 113 0 161 101 87 122 56 56 131 115 
45 98 133 48 161 0 62 74 39 105 105 36 46 
53 38 87 82 101 62 0 136 95 45 45 30 96 
83 110 59 54 87 74 136 0 41 109 131 110 40 
42 69 94 13 122 39 95 41 0 68 90 69 7 
60 7 60 57 56 105 45 109 68 0 22 75 69 
60 21 82 77 56 105 45 131 90 22 0 75 91 
27 68 103 56 131 36 30 110 69 75 75 0 70 
43 70 87 14 115 46 96 40 7 69 91 70 0 

0 108 39 59 26 28 111 36 106 114 61 74 64 
108 0 107 49 100 136 41 82 50 30 47 92 112 
39 107 0 58 13 29 110 39 105 113 60 73 25 
59 49 58 0 51 87 52 53 47 55 14 63 63 
26 100 13 51 0 36 103 28 98 106 53 66 38 
28 136 29 87 36 0 139 64 134 142 89 102 36 
111 41 110 52 103 139 0 75 9 11 50 51 115 
36 82 39 53 28 64 75 0 70 78 39 38 64 
106 50 105 47 98 134 9 70 0 20 45 42 110 
114 30 113 55 106 142 11 78 20 0 53 62 118 
61 47 60 14 53 89 50 39 45 53 0 49 65 
74 92 73 63 66 102 51 38 42 62 49 0 78 
64 112 25 63 38 36 115 64 110 118 65 78 0 

0 68 105 75 89 89 75 53 51 50 17 81 55 
68 0 85 13 69 69 29 107 23 118 75 13 99 
105 85 0 72 16 16 56 66 62 111 88 96 58 
75 13 72 0 56 56 16 114 24 125 82 24 106 
89 69 16 56 0 10 46 68 46 95 72 80 60 
89 69 16 56 10 0 56 58 46 95 72 80 50 
75 29 56 16 46 56 0 114 24 125 82 40 106 
53 107 66 114 68 58 114 0 90 59 36 120 8 
51 23 62 24 46 46 24 90 0 101 58 34 82 
50 118 111 125 95 95 125 59 101 0 43 131 61 
17 75 88 82 72 72 82 36 58 43 0 88 38 
81 13 96 24 80 80 40 120 34 131 88 0 112 
55 99 58 106 60 50 106 8 82 61 38 112 0 

0 86 113 71 58 52 110 85 70 22 66 102 112 
86 0 45 15 82 72 48 79 30 86 58 34 46 
113 45 0 44 55 117 93 44 43 91 103 15 11 
71 15 44 0 67 73 49 64 15 71 59 33 43 
58 82 55 67 0 62 106 27 52 36 62 62 54 
52 72 117 73 62 0 58 89 74 52 14 106 116 
110 48 93 49 106 58 0 103 54 110 44 82 92 
85 79 44 64 27 89 103 0 49 63 75 59 33 
70 30 43 15 52 74 54 49 0 56 60 32 42 
22 86 91 71 36 52 110 63 56 0 66 80 90 
66 58 103 59 62 14 44 75 60 66 0 92 102 
102 34 15 33 62 106 82 59 32 80 92 0 26 
112 46 11 43 54 116 92 33 42 90 102 26 0 

0 54 52 53 68 43 62 54 38 59 53 20 50 
54 0 14 11 46 33 104 96 92 101 107 74 104 
52 14 0 3 32 31 90 82 90 87 105 72 102 
53 11 3 0 35 32 93 85 91 90 106 73 103 
68 46 32 35 0 47 76 82 106 73 121 88 118 
43 33 31 32 47 0 105 97 59 102 74 41 71 
62 104 90 93 76 105 0 8 58 3 65 74 70 
54 96 82 85 82 97 8 0 50 9 57 66 62 
38 92 90 91 106 59 58 50 0 55 15 18 12 
59 101 87 90 73 102 3 9 55 0 62 71 67 
53 107 105 106 121 74 65 57 15 62 0 33 5 
20 74 72 73 88 41 74 66 18 71 33 0 30 
50 104 102 103 118 71 70 62 12 67 5 30 0 

0 85 119 103 108 114 58 12 87 113 124 101 75 
85 0 124 164 95 31 55 97 88 126 101 60 68 
119 124 0 56 29 93 69 131 36 6 23 64 56 
103 164 56 0 69 133 109 103 76 50 63 104 96 
108 95 29 69 0 64 50 120 21 31 16 35 33 
114 31 93 133 64 0 56 126 57 95 70 29 39 
58 55 69 109 50 56 0 70 33 71 66 43 17 
12 97 131 103 120 126 70 0 99 125 136 113 87 
87 88 36 76 21 57 33 99 0 38 37 28 20 
113 126 6 50 31 95 71 125 38 0 25 66 58 
124 101 23 63 16 70 66 136 37 25 0 41 49 
101 60 64 104 35 29 43 113 28 66 41 0 26 
75 68 56 96 33 39 17 87 20 58 49 26 0 

0 110 141 16 91 88 22 142 111 14 90 72 63 
110 0 31 94 37 72 132 32 7 96 24 38 63 
141 31 0 125 50 67 163 15 30 127 51 69 88 
16 94 125 0 75 72 38 126 95 14 74 56 65 
91 37 50 75 0 109 113 57 30 77 13 37 38 
88 72 67 72 109 0 110 54 79 84 96 72 135 
22 132 163 38 113 110 0 164 133 36 112 94 75 
142 32 15 126 57 54 164 0 31 128 52 70 89 
111 7 30 95 30 79 133 31 0 97 21 39 58 
14 96 127 14 77 84 36 128 97 0 76 58 51 
90 24 51 74 13 96 112 52 21 76 0 24 39 
72 38 69 56 37 72 94 70 39 58 24 0 63 
63 63 88 65 38 135 75 89 58 51 39 63 0 

0 79 119 8 50 55 88 48 5 20 102 69 130 
79 0 42 81 93 102 69 41 82 85 23 98 51 
119 42 0 123 135 144 57 83 114 99 43 86 87 
8 81 123 0 42 47 92 40 11 24 94 73 122 
50 93 135 42 0 9 104 52 53 56 92 85 80 
55 102 144 47 9 0 113 61 58 61 101 94 75 
88 69 57 92 104 113 0 52 83 68 92 29 120 
48 41 83 40 52 61 52 0 51 54 54 67 82 
5 82 114 11 53 58 83 51 0 15 105 64 133 
20 85 99 24 56 61 68 54 15 0 108 49 136 
102 23 43 94 92 101 92 54 105 108 0 121 44 
69 98 86 73 85 94 29 67 64 49 121 0 149 
130 51 87 122 80 75 120 82 133 136 44 149 0 

0 69 105 83 20 43 70 136 114 100 77 39 70 
69 0 54 78 65 58 45 67 45 31 38 30 33 
105 54 0 90 101 94 99 45 9 27 28 80 35 
83 78 90 0 103 40 123 121 99 85 62 104 55 
20 65 101 103 0 63 66 132 110 96 73 35 66 
43 58 94 40 63 0 83 125 103 89 66 64 59 
70 45 99 123 66 83 0 66 90 72 83 31 78 
136 67 45 121 132 125 66 0 36 36 59 97 66 
114 45 9 99 110 103 90 36 0 18 37 75 44 
100 31 27 85 96 89 72 36 18 0 23 61 30 
77 38 28 62 73 66 83 59 37 23 0 64 7 
39 30 80 104 35 64 31 97 75 61 64 0 59 
70 33 35 55 66 59 78 66 44 30 7 59 0 

0 47 40 37 63 66 15 87 64 141 81 66 75 
47 0 57 10 46 29 32 84 81 94 34 69 28 
40 57 0 59 103 86 47 77 24 131 91 56 65 
37 10 59 0 44 29 22 86 83 104 44 71 38 
63 46 103 44 0 33 56 130 127 108 48 115 66 
66 29 86 29 33 0 51 113 110 75 15 98 49 
15 32 47 22 56 51 0 74 71 126 66 59 60 
87 84 77 86 130 113 74 0 53 54 118 21 64 
64 81 24 83 127 110 71 53 0 107 115 32 61 
141 94 131 104 108 75 126 54 107 0 64 75 66 
81 34 91 44 48 15 66 118 115 64 0 103 54 
66 69 56 71 115 98 59 21 32 75 103 0 49 
75 28 65 38 66 49 60 64 61 66 54 49 0 

0 28 20 100 51 71 89 75 15 115 54 22 47 
28 0 48 72 79 43 73 59 43 99 26 18 19 
20 48 0 120 39 91 93 75 13 115 74 30 67 
100 72 120 0 151 29 71 89 115 97 46 90 53 
51 79 39 151 0 122 124 62 52 98 105 61 98 
71 43 91 29 122 0 80 66 86 106 17 61 24 
89 73 93 71 124 80 0 62 102 26 75 67 62 
75 59 75 89 62 66 62 0 88 40 61 53 48 
15 43 13 115 52 86 102 88 0 128 69 35 62 
115 99 115 97 98 106 26 40 128 0 101 93 88 
54 26 74 46 105 17 75 61 69 101 0 44 13 
22 18 30 90 61 61 67 53 35 93 44 0 37 
47 19 67 53 98 24 62 48 62 88 13 37 0 

0 108 67 96 99 35 97 118 96 1 24 43 149 
108 0 41 42 9 73 57 10 104 107 84 65 47 
67 41 0 67 32 32 82 51 129 66 43 24 82 
96 42 67 0 41 61 15 34 62 95 72 55 53 
99 9 32 41 0 64 56 19 103 98 75 56 50 
35 73 32 61 64 0 62 83 109 34 15 8 114 
97 57 82 15 56 62 0 49 47 96 73 70 52 
118 10 51 34 19 83 49 0 96 117 94 75 39 
96 104 129 62 103 109 47 96 0 97 94 117 57 
1 107 66 95 98 34 96 117 97 0 23 42 148 
24 84 43 72 75 15 73 94 94 23 0 23 125 
43 65 24 55 56 8 70 75 117 42 23 0 106 
149 47 82 53 50 114 52 39 57 148 125 106 0 

0 38 16 70 38 24 92 90 54 95 20 85 144 
38 0 38 94 38 20 98 106 70 111 22 101 160 
16 38 0 56 38 24 92 76 38 79 36 69 128 
70 94 56 0 94 80 148 132 78 105 90 47 102 
38 38 38 94 0 18 60 68 32 73 42 63 122 
24 20 24 80 18 0 78 86 50 91 24 81 140 
92 98 92 148 60 78 0 16 70 43 102 101 62 
90 106 76 132 68 86 16 0 54 27 110 85 54 
54 70 38 78 32 50 70 54 0 41 74 31 90 
95 111 79 105 73 91 43 27 41 0 115 58 49 
20 22 36 90 42 24 102 110 74 115 0 105 164 
85 101 69 47 63 81 101 85 31 58 105 0 59 
144 160 128 102 122 140 62 54 90 49 164 59 0 

0 110 111 106 63 98 104 125 43 58 32 79 13 
110 0 55 74 51 22 44 57 67 52 78 85 97 
111 55 0 19 48 77 11 14 68 53 79 32 98 
106 74 19 0 43 96 30 19 77 48 76 27 93 
63 51 48 43 0 73 41 62 54 17 53 34 50 
98 22 77 96 73 0 66 79 55 56 66 107 85 
104 44 11 30 41 66 0 21 61 46 72 41 91 
125 57 14 19 62 79 21 0 82 67 93 46 112 
43 67 68 77 54 55 61 82 0 37 11 88 30 
58 52 53 48 17 56 46 67 37 0 36 51 45 
32 78 79 76 53 66 72 93 11 36 0 87 23 
79 85 32 27 34 107 41 46 88 51 87 0 66 
13 97 98 93 50 85 91 112 30 45 23 66 0 

0 108 79 110 114 66 111 70 14 32 121 124 33 
108 0 55 42 18 42 23 40 104 76 35 16 89 
79 55 0 31 73 45 32 15 75 47 42 67 68 
110 42 31 0 60 44 19 40 106 78 11 54 91 
114 18 73 60 0 48 41 58 110 82 53 10 95 
66 42 45 44 48 0 45 30 62 34 55 58 47 
111 23 32 19 41 45 0 41 107 79 12 35 92 
70 40 15 40 58 30 41 0 66 38 51 54 53 
14 104 75 106 110 62 107 66 0 28 117 120 47 
32 76 47 78 82 34 79 38 28 0 89 92 37 
121 35 42 11 53 55 12 51 117 89 0 47 102 
124 16 67 54 10 58 35 54 120 92 47 0 105 
33 89 68 91 95 47 92 53 47 37 102 105 0 

0 96 20 110 108 91 53 94 53 76 98 41 36 
96 0 98 18 12 99 87 22 63 70 12 95 94 
20 98 0 112 110 71 33 76 35 78 100 21 16 
110 18 112 0 26 113 101 40 77 52 30 109 108 
108 12 110 26 0 111 99 34 75 78 10 107 106 
91 99 71 113 111 0 38 77 38 89 101 50 55 
53 87 33 101 99 38 0 65 24 67 89 12 17 
94 22 76 40 34 77 65 0 41 92 24 73 72 
53 63 35 77 75 38 24 41 0 51 65 32 31 
76 70 78 52 78 89 67 92 51 0 82 75 74 
98 12 100 30 10 101 89 24 65 82 0 97 96 
41 95 21 109 107 50 12 73 32 75 97 0 5 
36 94 16 108 106 55 17 72 31 74 96 5 0 

0 54 98 55 25 49 40 52 50 45 10 35 43 
54 0 152 97 29 25 88 106 104 57 44 19 97 
98 152 0 55 123 131 64 46 48 95 108 133 55 
55 97 55 0 74 104 95 25 47 100 53 78 62 
25 29 123 74 0 30 59 77 75 28 29 10 68 
49 25 131 104 30 0 67 85 83 36 59 38 76 
40 88 64 95 59 67 0 70 48 31 50 69 33 
52 106 46 25 77 85 70 0 22 75 62 87 37 
50 104 48 47 75 83 48 22 0 53 60 85 15 
45 57 95 100 28 36 31 75 53 0 55 38 40 
10 44 108 53 29 59 50 62 60 55 0 25 53 
35 19 133 78 10 38 69 87 85 38 25 0 78 
43 97 55 62 68 76 33 37 15 40 53 78 0 

0 65 40 63 86 66 82 65 70 75 96 19 73 
65 0 85 108 67 5 17 12 135 140 31 84 54 
40 85 0 37 126 90 96 97 82 71 110 55 87 
63 108 37 0 149 113 93 120 105 98 85 78 54 
86 67 126 149 0 68 84 67 68 73 98 71 95 
66 5 90 113 68 0 20 7 136 141 30 85 59 
82 17 96 93 84 20 0 27 152 157 14 101 39 
65 12 97 120 67 7 27 0 135 140 35 84 66 
70 135 82 105 68 136 152 135 0 11 166 51 143 
75 140 71 98 73 141 157 140 11 0 171 56 148 
96 31 110 85 98 30 14 35 166 171 0 115 31 
19 84 55 78 71 85 101 84 51 56 115 0 92 
73 54 87 54 95 59 39 66 143 148 31 92 0 

0 76 58 89 89 111 80 66 69 60 32 8 82 
76 0 80 13 111 133 20 58 23 16 72 84 66 
58 80 0 81 31 53 60 34 103 72 28 52 50 
89 13 81 0 112 134 21 59 22 29 85 97 67 
89 111 31 112 0 40 91 59 134 103 57 83 75 
111 133 53 134 40 0 113 75 156 125 79 105 67 
80 20 60 21 91 113 0 38 43 20 76 88 46 
66 58 34 59 59 75 38 0 81 50 62 74 16 
69 23 103 22 134 156 43 81 0 31 77 77 89 
60 16 72 29 103 125 20 50 31 0 56 68 58 
32 72 28 85 57 79 76 62 77 56 0 26 78 
8 84 52 97 83 105 88 74 77 68 26 0 90 
82 66 50 67 75 67 46 16 89 58 78 90 0 

0 127 65 98 26 47 63 96 135 64 81 110 33 
127 0 118 93 103 124 64 51 106 173 62 49 110 
65 118 0 33 39 18 54 67 70 55 56 73 32 
98 93 33 0 72 51 39 42 37 80 31 48 65 
26 103 39 72 0 21 39 70 109 70 55 84 7 
47 124 18 51 21 0 60 73 88 49 62 79 14 
63 64 54 39 39 60 0 37 76 109 22 51 46 
96 51 67 42 70 73 37 0 55 122 15 14 63 
135 106 70 37 109 88 76 55 0 71 54 61 102 
64 173 55 80 70 49 109 122 71 0 111 128 63 
81 62 56 31 55 62 22 15 54 111 0 29 48 
110 49 73 48 84 79 51 14 61 128 29 0 77 
33 110 32 65 7 14 46 63 102 63 48 77 0 

0 54 33 83 24 58 46 35 101 104 58 74 31 
54 0 87 89 72 70 40 19 47 50 64 68 37 
33 87 0 76 17 65 65 68 134 137 87 81 50 
83 89 76 0 59 141 129 100 78 113 27 157 52 
24 72 17 59 0 82 70 53 119 122 72 98 35 
58 70 65 141 82 0 48 51 117 120 116 16 89 
46 40 65 129 70 48 0 29 69 72 104 44 77 
35 19 68 100 53 51 29 0 66 69 75 57 48 
101 47 134 78 119 117 69 66 0 35 53 113 84 
104 50 137 113 122 120 72 69 35 0 88 116 87 
58 64 87 27 72 116 104 75 53 88 0 132 37 
74 68 81 157 98 16 44 57 113 116 132 0 105 
31 37 50 52 35 89 77 48 84 87 37 105 0 

0 114 22 122 87 93 100 65 147 90 45 126 42 
114 0 92 44 75 45 28 69 33 80 69 12 80 
22 92 0 100 89 71 78 67 125 68 23 104 44 
122 44 100 0 87 29 22 77 35 36 77 42 88 
87 75 89 87 0 88 71 22 108 123 82 87 45 
93 45 71 29 88 0 17 66 54 35 48 43 59 
100 28 78 22 71 17 0 55 47 52 55 26 66 
65 69 67 77 22 66 55 0 102 101 60 81 23 
147 33 125 35 108 54 47 102 0 71 102 21 113 
90 80 68 36 123 35 52 101 71 0 45 78 78 
45 69 23 77 82 48 55 60 102 45 0 81 37 
126 12 104 42 87 43 26 81 21 78 81 0 92 
42 80 44 88 45 59 66 23 113 78 37 92 0 

0 92 81 20 17 84 42 89 37 26 37 52 72 
92 0 29 88 109 144 102 87 95 118 61 78 114 
81 29 0 61 86 165 123 108 66 89 44 49 135 
20 88 61 0 25 104 62 85 17 30 27 32 74 
17 109 86 25 0 79 47 106 42 19 48 57 89 
84 144 165 104 79 0 42 57 121 98 121 136 30 
42 102 123 62 47 42 0 59 79 56 79 94 42 
89 87 108 85 106 57 59 0 92 115 64 79 27 
37 95 66 17 42 121 79 92 0 23 34 17 91 
26 118 89 30 19 98 56 115 23 0 57 40 98 
37 61 44 27 48 121 79 64 34 57 0 17 91 
52 78 49 32 57 136 94 79 17 40 17 0 106 
72 114 135 74 89 30 42 27 91 98 91 106 0 

0 74 69 51 31 48 65 101 95 38 92 71 99 
74 0 95 73 67 122 9 27 21 40 18 53 25 
69 95 0 82 38 39 86 122 116 59 113 42 120 
51 73 82 0 44 99 70 72 60 33 67 84 64 
31 67 38 44 0 55 58 94 88 31 85 40 92 
48 122 39 99 55 0 113 149 143 86 140 69 147 
65 9 86 70 58 113 0 36 30 37 27 44 34 
101 27 122 72 94 149 36 0 12 63 9 80 8 
95 21 116 60 88 143 30 12 0 57 7 74 4 
38 40 59 33 31 86 37 63 57 0 54 51 61 
92 18 113 67 85 140 27 9 7 54 0 71 7 
71 53 42 84 40 69 44 80 74 51 71 0 78 
99 25 120 64 92 147 34 8 4 61 7 78 0 

0 61 60 36 137 78 121 90 63 47 51 30 53 
61 0 1 89 76 83 174 143 54 100 42 31 106 
60 1 0 88 77 82 173 142 53 99 41 30 105 
36 89 88 0 119 60 85 58 45 11 47 60 17 
137 76 77 119 0 59 100 69 74 124 86 107 134 
78 83 82 60 59 0 91 60 29 65 41 54 75 
121 174 173 85 100 91 0 31 120 74 132 145 68 
90 143 142 58 69 60 31 0 89 63 101 114 73 
63 54 53 45 74 29 120 89 0 50 12 33 60 
47 100 99 11 124 65 74 63 50 0 58 71 10 
51 42 41 47 86 41 132 101 12 58 0 21 64 
30 31 30 60 107 54 145 114 33 71 21 0 77 
53 106 105 17 134 75 68 73 60 10 64 77 0 

0 49 66 42 66 18 61 72 55 63 56 16 90 
49 0 49 23 49 31 110 43 38 66 39 45 41 
66 49 0 72 6 62 111 92 11 115 10 50 54 
42 23 72 0 72 24 103 30 61 43 62 38 48 
66 49 6 72 0 62 105 92 11 115 10 50 54 
18 31 62 24 62 0 79 54 51 53 52 14 72 
61 110 111 103 105 79 0 133 108 124 101 65 151 
72 43 92 30 92 54 133 0 81 23 82 68 38 
55 38 11 61 11 51 108 81 0 104 7 43 43 
63 66 115 43 115 53 124 23 104 0 105 65 61 
56 39 10 62 10 52 101 82 7 105 0 40 50 
16 45 50 38 50 14 65 68 43 65 40 0 86 
90 41 54 48 54 72 151 38 43 61 50 86 0 

0 19 59 33 30 93 87 99 43 60 72 50 19 
19 0 46 46 45 112 106 118 56 65 59 51 38 
59 46 0 92 89 66 60 72 102 19 13 9 44 
33 46 92 0 51 118 112 124 58 93 105 83 48 
30 45 89 51 0 69 61 73 13 90 102 80 45 
93 112 66 118 69 0 22 12 82 47 59 61 74 
87 106 60 112 61 22 0 12 60 43 55 55 68 
99 118 72 124 73 12 12 0 70 53 65 67 80 
43 56 102 58 13 82 60 70 0 103 115 93 58 
60 65 19 93 90 47 43 53 103 0 12 14 45 
72 59 13 105 102 59 55 65 115 12 0 22 57 
50 51 9 83 80 61 55 67 93 14 22 0 35 
19 38 44 48 45 74 68 80 58 45 57 35 0 

0 22 141 72 86 62 113 128 14 24 100 34 33 
22 0 119 50 70 68 91 106 36 4 78 28 27 
141 119 0 69 55 113 66 13 155 117 41 109 114 
72 50 69 0 86 84 41 56 86 48 48 40 45 
86 70 55 86 0 58 109 42 100 74 38 98 97 
62 68 113 84 58 0 107 100 72 72 72 96 95 
113 91 66 41 109 107 0 71 127 89 71 81 86 
128 106 13 56 42 100 71 0 142 104 28 96 101 
14 36 155 86 100 72 127 142 0 38 114 46 41 
24 4 117 48 74 72 89 104 38 0 76 24 23 
100 78 41 48 38 72 71 28 114 76 0 68 73 
